160700,0,-5938.046483601165,1.2334481834427944,-0.030295848690093573,1.1969181697440194
160700,1,-4670.693629093036,-2.640314909686325,0.1139604519458334,0.06538661512862678
160700,2,1504.656974204529,-2.9976432195650156,0.6535593206184704,0.8418114481356425
160700,3,5709.009144895286,2.88787652045371,0.5723445776641376,-0.35637140575239346
160700,4,5730.193413677374,0.8456419573216292,0.22374704835781867,-0.11092445886865906
160700,5,8801.267822475917,2.4936660641175123,0.6792599446428979,-0.08802542177770857
160700,6,725.5490580969235,0.5782393558553371,-1.3308225832291234,-0.4146083888597051
160700,7,3096.5083491580363,-1.862175503401259,-0.795072501802074,-0.6374001820306533
160700,8,-2842.980691388131,1.8660258757895765,0.1653974146723862,-0.13477853549234525
160700,9,2269.5691126576085,1.4826058154613033,1.0721938306161314,-0.5889942660591488
160700,10,-985.7868767799785,2.8622306668664885,-0.19109352834787197,1.2331326844124704
160700,11,-2191.4286264595935,3.090781937615743,0.9723734534231185,-0.4835477678356733
160700,12,4466.995102113473,0.3203767308270855,-0.35147988357783544,1.3415137890482103
160700,13,-934.7811401975611,1.0836973629451956,-0.4926717791441898,0.07966939996979819
160700,14,9424.077446649319,1.5915842441710852,-0.06074071745391647,1.3817291044922837
160700,15,2620.5765982854723,-2.2332419539821373,-0.22861180891761407,-0.05227080442927001
160701,0,-4335.022421318758,0.8867481627646896,0.5054042064615223,0.1838967491489406
160701,1,1454.8784966550388,2.0821037074162776,0.17413899337814726,-0.5741191872011957
160701,2,-831.2189213336727,2.2748806362547844,0.4910769194876794,-0.7336156069651234
160701,3,3336.4085429999673,-1.0755401798286162,0.5591103764377491,-0.6251840124230297
160701,4,4304.0047399653395,-1.9458597594964695,0.1824606348440324,0.22038176148009594
160701,5,5788.77198024619,1.8864644499210206,-0.9520228880300632,-1.4602732028915109
160701,6,7735.646198376564,-2.20050187804118,-0.06950838185691385,-0.2231794363943927
160702,0,7134.022061988212,-2.816880902406044,0.39339925806765647,-0.25714059668998224
160702,1,-3154.031099151482,0.5777352864274188,0.27606142795582367,1.0538759941236622
160702,2,-741.4267601477043,0.39099346923930645,0.8249101386733186,-0.3161680095532469
160702,3,4695.333530406712,-1.2573651200981648,2.1401222221585092,0.1552204955759458
160702,4,-6345.41203848186,-3.0783404753681394,0.12501880916329097,0.21617759652629187
160702,5,-9578.836803255539,2.479565174199947,-0.4306443783730083,-1.3704760788889747
160702,6,4607.468714185279,-1.278674302826614,0.7496863685122526,-1.287227156000733
160702,7,-3339.880771267565,2.2591975839397627,0.4548691188538872,0.6633490263823161
160702,8,-1478.0864222951172,0.23679039367835397,0.3205676041810746,-0.9915447801812767
160702,9,-3566.0024366095154,-0.12606715528943235,0.28727818100547253,-0.26599316993650735
160703,0,-7630.761540685009,2.586927895271134,-0.18740458005851546,0.35922387413306833
160703,1,-9447.166134378023,1.83363817942499,1.5051092325284634,0.6916683133922712
160703,2,1933.0930156762854,-2.845291912514775,-1.4630059486734774,0.8074594340494119
160703,3,-3871.7513958457853,1.8535272313938567,-0.6036607310945633,0.9712294244603048
160703,4,7619.373037399693,0.6329212973014635,-0.14334541132588058,-1.3974277102258572
160703,5,9895.767284450643,1.2613230202868468,-0.21439429466296211,0.28446157337262484
160703,6,8642.817884891634,2.5822243662542776,-0.7140709722456093,-2.029419657521188
160703,7,1008.8388366892761,1.4541385730640224,-0.18228922025783323,-0.2627332510597619
160704,0,3719.4269105478265,2.5866616908725186,0.0566483804860248,-0.4038554593494763
160704,1,3486.7623237882754,-0.16436655502441377,0.8574585528054569,-0.1481904468070287
160704,2,-5743.894758198778,-1.0530115016094825,-0.5282974654585062,-1.2221882671436108
160704,3,-1571.8010296549276,-2.582209952618552,-0.18937627945595928,-0.48823517312194903
160704,4,-3267.539698908472,-0.8724265963070059,0.9292944917436405,-0.7900531459065918
160704,5,-4172.656839562089,2.0293870773901563,0.4276220329586718,0.17285714905971583
160704,6,-6747.5853735485825,-2.700875648075307,-0.21813607301758942,-0.09119941415412143
160705,0,-4335.69635698503,2.3749011394890243,0.681357606735832,-0.15885510625268873
160705,1,2147.811382229439,-2.659167071093938,-0.11320975038003185,-0.30181667431599096
160705,2,5561.4408461567955,-1.6371601612999784,-0.7614827852674139,-0.23665734374714315
160705,3,-6075.799203006543,-2.435765758140573,0.08157312675742688,0.00026271633311456737
160705,4,-6339.061751708763,-2.236872878713817,0.6332979832359529,-0.5606352175377839
160705,5,-9346.59885569695,-2.518016580671433,-0.1770737369043775,-0.49761278240063944
160705,6,6943.686887424542,0.1945547305061872,-0.6262631483458576,0.08205341243097493
160705,7,3780.987403602541,2.736369496205133,-0.1579905050457936,0.7652118661835221
160705,8,9337.617960113246,-0.814425328433062,-0.3884793997020926,-0.05727936345637364
160705,9,-6051.314027298108,0.7828489386435296,1.0325110612134019,0.2546071031376005
160706,0,3221.314148076335,-1.2863324049236746,-1.2213747651030282,-0.018870678375076798
160706,1,6204.358793705834,-3.0002436223613453,-0.835899125235914,0.310253177971108
160706,2,-5736.172480316531,0.859009211770621,-0.381972447434386,0.3096872649338185
160706,3,6094.566840120495,-1.5984468496976203,1.1766940706080264,0.4199362246196321
160706,4,4947.700317939134,-1.861845162110237,-1.9487415465889741,1.175990760160698
160706,5,6740.550744248014,-2.99014439019278,0.08893643566808519,0.3558985767895715
160706,6,-2275.2378479190097,-2.4027001214592434,-0.17166496351745647,0.5471892481973925
160706,7,3722.036151699675,-3.039680577564609,0.2771684106186662,0.023195055677663945
160706,8,1667.5069996928066,-0.8123883683715039,-0.29766558751563915,1.3473477936586313
160706,9,-6516.743339400156,2.497650830293252,0.6004965877797044,0.12647204044783528
160706,10,4983.7886908332675,0.9574157669039254,0.01990006084545277,0.1801292281947148
160706,11,-5348.22417511222,2.523766091170284,-0.22597303831002938,0.33968098616141496
160707,0,-9658.306960296273,-2.6380640295202196,0.043157834486591704,0.26088866488660767
160707,1,-4209.0638661652265,-1.3557979361618395,-0.19659637296556035,-0.03317384124012012
160707,2,9911.956861522764,-2.46102609897051,0.09158796385046981,-0.4071994497161222
160707,3,4557.322192738549,-1.3344797617930058,-0.9632154894994871,0.6304197214825142
160707,4,-1585.4407759861697,-3.0455245894382785,-0.8021257183795567,-0.4328261113925294
160707,5,-4341.922750192889,-0.33128519443644766,-0.5747898346693832,0.3149547250368383
160707,6,5310.191675367914,2.0888831975583955,0.5147356853256768,0.5129437360011322
160707,7,-4681.368249709392,-1.251180389384494,-0.812443061905425,1.0362715866446668
160708,0,-995.6624036602002,-1.6380915235832008,-0.11077868446043507,0.13220675367154014
160708,1,4783.88290202047,1.4796483026868055,0.35829997641444655,0.3203564937242511
160708,2,-2497.416813386626,1.7890635596101614,-0.6367787247668595,0.28564874478568114
160708,3,407.43684247359084,0.9726723821478593,-0.6574653587422513,-1.2497100753490826
160708,4,9602.381771196826,-1.2898918149107874,-0.07647943087989575,-0.0020272175594436897
160708,5,-6604.526191240458,-2.900259811086901,-0.08107861119342072,0.4324801768974611
160708,6,-7409.185386842868,-0.13847682040568188,0.052184727314031995,-0.7695742133072906
160708,7,-411.1643733551284,2.6574435480644025,-0.1467474308834311,-0.4025315882271188
160708,8,2594.970110913665,-2.7898110615336416,-1.2776740796666062,0.8416399604778528
160709,0,8022.13846891856,-0.7930525527063921,0.4805925391991328,1.2494602837801616
160709,1,1000.7670333371052,1.808776876048129,0.20607122436197783,-0.8071099806249009
160709,2,9310.77874040521,0.19809614858033253,0.23222860718560004,-0.48184363123142704
160709,3,-6280.06115280694,1.9338615637392946,0.2650955169831117,0.5342612134791013
160709,4,8877.41206183951,0.6837140955492074,-0.6207023202783687,-1.4187360111271188
160709,5,1542.163889236954,-1.5562909402170195,0.038842138734940496,0.3558367034320567
160709,6,8079.191725384792,1.1906818792183556,0.017440859412012413,-0.7887297399854064
160709,7,-3396.369020248975,-0.1597734796332686,0.09159208308566374,-0.7860616165223377
160709,8,-1109.992746697281,2.1994633378836737,-0.6878616553380575,1.1095818197707081
160709,9,-1202.4744721967322,1.9084500117978882,0.05717109417653466,0.5170122370245389
160709,10,-8412.820624382312,0.7978707859140126,0.01541210878298574,-0.14517806116801657
160710,0,-6903.5239364022045,2.7811908392311535,0.7690514975673077,0.6566141489133148
160710,1,5276.287581929349,1.7392519405654907,0.4950967237772068,0.536537195020516
160710,2,-4921.1469162370895,0.257239222360957,0.12001877329818164,0.6035389917996798
160710,3,3122.5406689385413,-1.0640929212104338,-0.4139717781127075,-0.9238240772560391
160710,4,686.829225966065,0.4008013137452533,0.24593829386604696,-1.5377051970000268
160710,5,8805.570612310055,-1.3145995460691076,-0.500697469537979,0.7774251124101498
160710,6,6059.560119784771,-3.0684795895772026,-0.03783603582605198,0.8550739808183266
160710,7,8249.167866273947,1.5676652139087581,1.3772977479395392,0.5074567124789363
160710,8,-2300.9789537558463,1.2522896347098547,0.2587532484837516,0.07543463215406668
160710,9,1044.8874422044103,-1.6632477670054704,0.7443735119497347,-0.1751537844082603
160710,10,854.3795665247595,0.5182187793540112,-0.32782231427830627,-0.6979456859125683
160710,11,7071.350636494352,-1.0852386843739499,1.4495198879736115,0.8096685954809035
160710,12,853.4551726931213,1.5984049063214893,0.42089286332956527,-0.088200269544661
160710,13,8411.550812960044,2.156721075467729,1.0185313825062843,-1.3719263894992566
160711,0,4028.3709812458656,-0.4781507210343521,-0.8020786292079853,0.35216372854065603
160711,1,3822.363060903851,-0.8324180999484248,-0.7369978201324296,0.5909588976617056
160711,2,4746.647581042888,0.6653926587804411,0.6631857247505445,-0.4039534203934806
160711,3,5453.333668263046,0.9778216611926442,-0.6552351170948967,0.44206640037047085
160711,4,-4220.071477657921,1.5208979354197893,-0.22387926489164237,0.8186878164464066
160711,5,-1486.273613039695,2.6527607974319984,-1.035184219959345,1.1726754244561448
160711,6,4345.5147595107765,-0.8745084021044458,0.44613498822626224,-0.2808096675943378
160711,7,6709.41147761778,3.0522991684592506,-0.20514827952864323,1.0226484928258006
160711,8,7055.528175319813,-1.5623660423005739,-0.0498057164372776,-0.7987800724178148
160711,9,5047.613922842771,2.4804950204958445,0.7052253147866268,0.07091789863863109
160711,10,-6476.464376632633,0.6326085809337072,-0.17337389394232777,0.829781124992215
160711,11,7783.95590156597,1.482383301979235,-0.4296824611550122,0.34141264942887656
160711,12,-2941.6797585993027,1.9242441488472917,0.4728938793814304,0.7851048573580532
160712,0,-1674.013309909146,2.8279621175336978,0.7410066698260767,-0.36987311233081127
160712,1,-4887.939699353816,-2.010250423541425,-1.246626011051167,-0.7946804276796727
160712,2,-1831.219658704092,1.7822751325438366,-0.40932947723719254,0.21531119252877098
160712,3,-3245.3740856785894,0.8775710274558408,-0.5155206981444389,-0.21354007537814335
160712,4,-5006.375033073743,2.2303578571227805,0.277558494560596,-0.13474767895405187
160712,5,-6558.359326262024,-1.3717094853356873,0.10385692840925634,0.5648696458557941
160712,6,4561.542061438995,1.0618778516056624,-0.048792032743680866,-0.4156927157324566
160712,7,-941.9022222475481,-0.7291640712317555,-0.1062936901460863,-0.47374001522766684
160712,8,-798.9675177333818,-1.7233362093429316,-0.752865584536458,-0.7600130755607508
160712,9,-2834.5911996564537,0.6271394735189522,-0.09322513860415088,-0.38406328261337785
160712,10,7477.057817237896,-0.022441309112338548,-0.7084993228868016,0.1826419372545665
160712,11,-7962.473112410021,2.8002185045832153,0.06015369092962925,0.8134596551373822
160712,12,2819.1108214546107,2.374291770614075,0.24809174917935045,0.5353117532536529
160712,13,9821.741464487348,-1.7270972597477943,-0.7926502420972829,-0.07931767959015437
160713,0,-3264.5777295572893,0.9435730772407993,-0.3466817905317091,0.5629962861235683
160713,1,-8580.40810256823,1.937524743958778,-0.8834490917404314,0.4076932898007722
160713,2,8434.279435589215,2.3646519381552293,0.8395040860013647,0.8429969179742749
160713,3,-5024.415445363238,0.12179449626204875,0.5185019003320507,-1.2509377692600008
160713,4,5664.4511777017515,-2.2745492180793847,0.3000282076723454,-1.126026267205806
160713,5,1089.8833070031892,1.6208818872231614,-0.54724096788429,-1.142027252943369
160713,6,-5748.402688248865,3.0239192921983484,-0.4463187625499244,0.15398190159741904
160713,7,-8341.219914123434,0.4900224277476761,-0.2255434488528178,0.44418074012638314
160713,8,457.1308977253524,1.0453750926559602,-0.7061088810739928,-0.3218421452949571
160713,9,-2508.1656947851484,0.921928771166197,-0.060711077944043984,-1.0374638052558343
160713,10,-9748.964437393966,-2.5478869326004525,0.6837711448695407,0.7319404792595906
160713,11,8971.163483737268,-1.1639577838215207,0.32906605232833264,-0.18754473824818843
160714,0,1742.1197896862607,-2.9538623568431666,0.16261973760699766,-1.120421555113758
160714,1,2116.215076337172,1.3805957567740093,0.4525897633570269,-0.2332951250388065
160714,2,-6315.576860149233,-1.0555554639343971,0.5632625465166292,-0.7924406900176033
160714,3,-3152.599636412122,-0.8041739528568361,-0.06637883613760515,0.5294039022661265
160714,4,8229.232543303699,-0.012025899516001637,0.9602429417251237,-0.7689806652563276
160714,5,9895.80382892185,1.0983872606628964,0.7433525422506375,-0.10114740723619345
160714,6,-2282.6740246163536,-0.29246117588015563,0.8019281169806443,1.212562787367823
160714,7,-6685.329078012703,0.24946254761331277,0.270789743266858,-1.606851080487962
160714,8,2923.382791912223,-2.5273047081012994,0.37638822105131753,0.3457975718555254
160714,9,7562.127556504853,1.92722914488066,-0.09246535098092752,0.22270688996079857
160715,0,-5851.244642847915,0.5450602777601317,1.0494315315349583,0.332786689194266
160715,1,-5637.899043004187,1.4875607783476088,-0.32669647002748015,0.7286567364028432
160715,2,-5847.492496646698,2.118781451620964,0.358682450275961,0.1673505355998719
160715,3,816.1532201376141,1.3752657456677788,-1.075375076526714,-0.6138075183826734
160715,4,3292.041268989766,3.133615245709091,0.7054764181825743,2.036393546695874
160715,5,9351.970172609384,-2.777226307070239,-0.49399424110087753,-0.844067072089791
160715,6,2071.5532201252363,3.088232975792579,0.5589846461690813,0.6830226688518836
160716,0,9192.031121902475,-2.8200830858013464,-1.0930720899353075,-0.7149726416988679
160716,1,6829.084512057912,-1.4548441185956589,0.4428529846758803,0.9475629245566701
160716,2,-3250.759041663907,-0.809696316208925,0.5427091762286038,0.5527986897872507
160716,3,-7939.292111692045,-1.673379412062179,0.35082829955765815,-0.7254965902298429
160716,4,-8327.379008507181,0.8862906770498311,0.3290235017448596,0.5813157668955581
160716,5,-9340.094381141404,2.740430853022694,0.13435477153174363,-0.2563858889542848
160716,6,-7833.213991600209,0.748077359729483,0.17023969334198966,-0.3949914252368883
160716,7,-5020.182737432082,2.9387040190089575,0.5884492541511347,-0.7850629935945418
160716,8,2736.6963784110803,0.037406836987951664,-0.6684199415949486,-0.04564695267599045
160716,9,-8042.025758246191,2.444307448396269,-0.8650778274446729,-0.6247701599939384
160716,10,7345.022779327126,-0.784510059792503,-0.3520924935627901,0.09065529615571238
160717,0,-3530.485107059201,2.6924968787449393,-0.31412538273301516,-1.163495799979799
160717,1,9137.314758995584,-2.125391322693633,-0.9792553833609747,0.5950828648948664
160717,2,9669.55328761143,2.999850508486631,0.14478232590662185,0.49583139652870445
160717,3,-5415.290170540785,-0.3824745079647722,-0.7210175934809829,0.4339776401608899
160717,4,-6821.09061097925,-1.3570986987997768,0.4079350246039324,0.9983156367861741
160717,5,8642.037629216515,0.8639419471323668,0.7197074006291279,-1.3990784383732628
160717,6,-7186.881884996254,-2.3091204432693138,0.7601765222850806,-0.02209233317896473
160718,0,-5124.251624068941,-0.11547849494517504,0.12479457133357846,0.12220329066854982
160718,1,-2805.743907169981,-2.049988485798833,0.967718281311498,1.978439771227815
160718,2,1501.7749070019604,0.4603755980722837,-1.0316221238393182,0.933477565842546
160718,3,-5227.099097850342,1.9687790573369153,-0.47345531362480414,-2.584798357796855
160718,4,-8614.654045622687,-0.45088728856409865,-0.2208767959852154,0.19585816710056175
160718,5,8383.439290977334,1.3050123214744325,-1.9815285890775978,0.7654193188888591
160718,6,4094.0307367286996,1.716833759401851,1.3025549952165267,0.2900053131914452
160719,0,-739.511664792655,-1.4371711796827997,0.02542549465488783,0.3105966644169342
160719,1,-8118.991653286453,1.3457547032200923,1.4010542922694138,-0.21093197773722674
160719,2,9654.014069622295,-1.5617755843378145,0.9853229222955636,1.564282985149954
160719,3,7328.866735693154,-2.292241553651254,1.4345459687965383,-0.8122552481218523
160719,4,9174.280046663487,-0.11603970748424475,0.4562353930989429,0.08402375870575826
160719,5,-9541.28592773812,2.513477572904769,-0.21989570318401197,0.8934051943534876
160719,6,896.662643013397,0.9860503690814015,-0.35049695364850614,-0.1246949841732732
160719,7,7120.530204334216,-1.2773068306368096,0.23828029508319915,-0.16657184927936325
160719,8,2062.4464713558377,-1.0211582561391355,0.35994895943306326,1.1960218414531205
160719,9,6973.6481270722625,2.682569450873004,0.10916688403488753,0.047308138838684094
160719,10,9340.305148104031,-1.6523597234735115,0.07384307554339836,0.005764619262174165
160720,0,-416.0383679921447,-2.162365415951537,0.07721097015187474,0.40021760305556536
160720,1,1790.4248010651058,2.670865096681913,0.539285949467019,1.3475511767464303
160720,2,-8482.596302251795,-2.6081416674286313,0.29742553526940696,-0.8550517484365942
160720,3,9766.95416460703,-2.5237489538027775,-0.7872430157281536,0.1067903031751102
160720,4,8649.303582332452,1.392237790326237,0.2047724379469266,-0.4227883605750904
160720,5,5202.218346251597,0.6772874565243381,-0.02767541376099277,-0.10376566018292811
160720,6,-9426.406880200133,-1.9931961936415887,-1.2834662369520606,0.8302758178177814
160720,7,4943.262716674621,-1.560242600362982,-0.06673335004315967,-0.17009492059626044
160720,8,5364.386911552271,1.916357345491841,-0.9639540270615345,-1.1313156362246881
160720,9,-1087.8699216869009,-2.9488788544860958,-0.28742425157707996,-0.3727676769468247
160720,10,9073.092566941159,-1.5310156078524626,-0.5934893606654557,-0.41753944901570084
160720,11,1745.5893766151003,-2.0872633355849173,1.1538532594105455,-0.5876730682703999
160720,12,5459.345136309279,-1.5794061048073855,0.038773173165071104,0.4868898684455023
160720,13,6177.93007675754,-1.9964452343113677,0.610883213468314,0.39753223139003385
160721,0,9611.409137960745,2.302346219212711,1.380697329440289,1.44046510624832
160721,1,-3848.1905117851647,0.9415928753416773,-1.0654741151688425,-0.40698607747246773
160721,2,-7807.163334102162,-0.7866710530591248,-0.12747584974792325,1.3192218367327972
160721,3,-1257.5010225191563,1.956025417251734,-0.606042764475218,-0.34235891468688023
160721,4,-5587.851382888338,-1.9911135717505823,-0.1874776001255,-0.9984613667245514
160721,5,-9770.322317582986,-1.1437994102164235,-0.6249984844629214,0.7986902650411243
160721,6,2993.6095288197926,2.75803686316652,0.0652979366279737,0.689852365290273
160721,7,595.7124014578476,-1.6317666941795896,-0.8383006677520429,0.3954536255959661
160721,8,7294.534748407529,2.0934149339686474,0.441642256034686,0.3194516450826717
160721,9,-3985.771475819011,1.5129817152303664,0.1407059389797962,0.07005083249393075
160721,10,-7515.091239921705,0.13556966789596014,0.46230959919658265,-0.4461833210932282
160721,11,3209.1717536782,-2.800927516865384,0.333352319246987,-0.8318162570695896
160721,12,-8030.839585962741,0.4970217125029093,1.059479743301437,0.512340017051589
160721,13,-5956.54647363552,2.2030353716542654,-0.4602790294178628,0.15489982598395693
160721,14,-7500.15141032192,-0.5052777939075423,-0.5759177032665714,-0.8016201229810589
160722,0,-4094.3273827132675,1.9009973047410016,0.04843425852631686,-0.7079450679704232
160722,1,1424.6702845843975,1.0867679038847697,0.2618213507860148,1.2069212678639278
160722,2,818.0520010177221,1.4644007368439906,0.039370850017560126,-0.15825801505688755
160722,3,4645.505364319086,-0.24498459954207785,0.4525104329732024,-0.8900590720512473
160722,4,-624.4312898734711,-2.9288171998921095,-0.15532897532599604,-0.5121580702323547
160722,5,2026.1425838745224,-0.8969508913397619,-0.47121961050588657,0.48085795773169077
160722,6,6544.672216451402,1.8067704778513987,0.3332610981794707,0.30825768056661096
160722,7,-1170.3557601281832,-1.5782616387897943,-0.3540555320871158,-0.8525079884167438
160722,8,-7539.594350785054,0.7238837265744493,-1.514121594443829,-0.17274566108829875
160722,9,7632.579166072789,0.0011933300116453438,-1.2345461735316619,1.18646342882726
160722,10,3056.789629050863,-1.818711176012831,0.5548299152915932,1.215773673871963
160723,0,-865.5462830041076,-2.063823726331727,0.16502498285891515,-0.5397500393111925
160723,1,-830.6145071545595,-2.1908692192396853,0.5611753878688026,0.608319825910058
160723,2,5240.955295374589,-1.966751484538156,1.6979550935843624,-0.09946842300856863
160723,3,5574.025393057614,3.0374555978942572,0.027715282388668057,-1.264691393158741
160723,4,9729.333769323353,2.885935996995242,-1.0411619921315087,-0.6100098238761287
160723,5,-4084.8310205306543,-2.1054636049846565,0.5098192678620899,-0.5083858771189993
160723,6,6377.001603573538,-1.1157784189149988,0.8921820221519489,0.9257495180176686
160723,7,-4072.853600962611,2.3723334718031275,-0.602329139389987,-0.7289016950721183
160723,8,-7853.216030460776,-1.9500355681719155,0.9415765648575012,-0.2735261536012388
160724,0,-4661.763365491491,-0.8625935513549758,0.06654438995209892,0.08133540547022461
160724,1,4758.065613533737,-1.1936690503289022,-0.7693070274790521,-0.31037073752109534
160724,2,1791.5994518910163,-2.8497446106348328,1.5287565243439145,0.9943921245308553
160724,3,1774.7617415976747,-1.5299163979038954,-0.09372802196836696,-0.31865588185018756
160724,4,-7781.720699960879,1.9471960263918984,0.36616757406035194,0.31581712540942375
160724,5,-9218.339615937317,2.39802278749107,0.36482626418023967,-1.120620104870269
160724,6,880.2965456261846,-2.0008128081920185,0.4431205526665586,0.18150073420363472
160725,0,-9249.927311880832,-0.6578723825849768,-0.634637256706962,0.35032664434695204
160725,1,-5741.464688228216,-1.6145815155105092,-0.46079451796320875,1.2711292995388028
160725,2,-9909.973581043787,-1.4979149322338128,0.0707052798919302,0.4831975266595586
160726,0,7116.628466480492,-1.992394431988293,0.11650697658625181,-0.32910387293140186
160726,1,3999.074527797424,0.9209676431125784,0.53431917341127,0.7337587587690236
160726,2,-3485.75091688765,2.1146120425576633,0.4371691615197203,-0.37374606735700255
160726,3,3149.4344538291157,-1.5207501076832224,-0.6687426070848611,-0.3461908619573614
160726,4,674.2800009459565,-0.29464068681931277,0.19504964235669642,-1.3274339756040632
160726,5,-3217.912216554607,0.3821126136569428,0.18363883914875906,0.8499113864984129
160726,6,9244.32653163293,-3.1337875166473816,1.1614157318446214,-1.6602226205135278
160726,7,9052.041955435747,-1.377913265955917,-0.8760375273349352,-0.012340430291552311
160726,8,8088.503838255799,1.960863820169675,0.24537575881117357,0.7418716861373427
160727,0,6731.237565550195,-0.9320677263966948,-0.13105814768506044,-0.30199462417649403
160727,1,581.8861787591878,1.0007895651434868,0.2526895661235986,-0.6648260875512837
160727,2,-2667.0794804724983,-2.1496711048462442,-0.8479274398529499,0.337604965455808
160727,3,457.3782439937114,-1.8327642659320458,0.6947872170143783,1.4644945975371861
160727,4,-1954.0519683492093,2.7568139257202953,1.1461473728071394,0.9707218417200939
160727,5,4493.665724350854,-1.244623474584525,0.2429550393651593,-0.29087341049170523
160727,6,2538.1411273839935,1.1149641523759986,-0.5434885367757416,-0.17538313010441814
160727,7,-6477.4848385492405,1.6859290238763558,0.30402622638853183,-0.3183820763371415
160727,8,-1147.502107241227,-0.8978226815340244,0.21001796210995266,-0.6144356169192318
160727,9,-4079.0648257369776,-2.260213973235925,0.7595736896809161,0.712335830238467
160727,10,-6151.264253809502,-0.2505659736821184,-0.741142053571196,-0.14921454795183514
160727,11,-3956.0075524511867,0.22568546583458282,-0.5714906301914648,0.2346839902982325
160728,0,-6973.749545492169,-1.8254703669928642,-0.7349629120847139,-0.23109314502978884
160728,1,-708.0700028216912,-1.4024692963062753,0.3769184801093558,-0.22387221523850181
160728,2,-3695.4430986605576,2.032122749597968,0.040997324250243966,-0.42945141430115125
160728,3,8852.397853690316,-1.1099287919067664,-0.11192912720316357,-0.670205042548349
160728,4,9841.074030580132,-1.297119186255109,-0.2712565898851186,0.044141972272278514
160728,5,-4204.805932500501,-3.1234727872527683,0.8223581828607635,0.9917719856948702
160728,6,-8332.287877839732,2.2324420347645457,0.5084222026480972,-0.2097229472201501
160728,7,-491.68292958950065,-2.6678167426658868,-0.15068008132140503,-0.1394511401098943
160728,8,7414.920709869022,-2.844950311613686,0.23220590800206234,0.3251348737265175
160728,9,-6812.86697306977,-0.25761042284942537,-1.0144408648741545,-1.6691292119256238
160729,0,-5337.628286969078,0.7067951637938359,-1.0665283893290682,0.4023763724752655
160729,1,-5152.935067565984,1.6772577061333758,0.7282424557287803,0.8796450119067658
160729,2,7896.53161240711,-3.107391911619785,0.087545680157577,0.4609017699108402
160729,3,-6602.117259438206,0.9231909708161998,0.5781711349671685,0.1348293242797063
160729,4,7524.925041640589,-0.702954901932638,-0.2061743968713438,0.22018202249959096
160729,5,6988.870158737264,2.45881288479866,0.5013471375924746,1.01454475524474
160730,0,6016.45533742118,1.4165402128510056,0.16986186206963988,1.0670924615974202
160730,1,-8097.810039834851,-1.650289982474839,-0.11844434191049633,0.6813336329259154
160730,2,-6496.170505155874,0.3865931892308003,0.4627610576585946,0.012640163282042094
160730,3,1463.8303349183238,-1.837745124949901,0.8470142167126024,-0.4178684744439827
160730,4,-4662.739447388422,0.7805200544265363,1.1199179820197038,-0.39636998266862367
160730,5,2274.0931021666456,-3.0247194728588855,1.3149522382527157,-1.299028724638082
160730,6,-2200.3071549943425,-2.529283188188684,-1.2743830536309149,0.13071840239426924
160730,7,3370.287614292395,1.540435900887755,0.20704194788887045,-0.4055065268110586
160730,8,-9922.56969489881,-2.6936708309360125,-0.5556343823108425,-0.058431869410630284
160730,9,-5786.524241378126,1.8712610645323116,1.038875014864626,0.3936239214366326
160731,0,-4802.318738792634,0.2803495977641073,1.3369860069974602,-1.061402158856699
160731,1,-7287.104466675447,-1.0253285325256027,-0.6681706818784163,0.8479600305856505
160731,2,7385.774129408752,-2.432850407061294,0.4301212461117759,-0.7818361180257072
160731,3,5502.60908353491,-3.0460607492033116,-0.009399760293366675,1.0265709600878972
160731,4,5656.7860871716875,0.7059384144155305,0.7796529040456056,-1.25773265888881
160731,5,3967.2244741083064,2.6816580481097745,-0.04442227143972094,-0.026400590435084945
160731,6,6124.662726621661,3.089100116245815,1.1452366877165523,0.3144590482222839
160731,7,-8844.574006123537,-1.0607028203566284,-0.5945645057265532,-1.0580806904717335
160731,8,6006.97509084887,0.17110674010594407,-0.7376233119934439,0.2223757567341829
160731,9,1435.408308458107,-1.9792891250179403,0.023387284557363237,0.5115131100992079
160731,10,-6232.40526645409,-2.2765138118150623,0.1403616530363714,0.3787449587635541
160731,11,8627.376581563825,2.7840778592877164,0.5462188841504045,0.3143936800115149
160732,0,-4530.131448142938,-0.4530150932921355,-0.4264289043690466,0.47676201425015124
160732,1,-1675.4240321091333,-0.03281844420185198,0.7221012261378135,1.0916801380392298
160732,2,-8704.62449633712,1.6203943769594344,-1.651669252908028,0.5198057892971325
160732,3,-4253.768372314278,0.1481511509160427,0.07028063152398883,0.09996372993073524
160732,4,-343.0420452581549,1.0970440326606425,-0.14232088281764674,0.20667957817662666
160732,5,-494.69994026103586,2.9552651022019134,0.057364831616824125,-0.11798026341230274
160732,6,1417.425484605569,-1.9805976896443038,0.48643922967258446,0.042518399485535346
160732,7,-9843.147519855576,0.8389349149243008,0.36290966254444723,-0.2597061290136558
160732,8,3673.267837445581,1.838892292371427,-0.5442823584729877,-1.161499106913984
160732,9,-5186.077019236485,2.4717473682791615,0.3832828899114026,-0.050482843270305416
160732,10,3021.6682925696714,-1.323560338709614,0.18228532733375252,0.2183588520513151
160732,11,7355.846209381417,1.6540339657202558,-0.4238367318592922,0.7554727598897082
160733,0,-588.9269637271932,-1.5451867052325177,0.9122655360155651,-0.15647307978641448
160733,1,5512.408458083586,-3.074059860784012,-0.10668097623896222,-0.16364852119916545
160733,2,6057.879708473958,-2.7494172948270874,0.48857036392484027,-0.2758972961582193
160733,3,-4941.941769358333,0.7390432670931797,0.4546984193223423,-0.8448870935725232
160733,4,6395.791149172824,0.9401939811773445,0.46490831994279613,-0.6814844187593609
160733,5,-9518.392875649284,0.548703019624941,-0.042954371112728304,-0.17588590493096448
160733,6,4522.168220772668,0.6531765595437062,0.37326261949527884,-0.439127500279468
160733,7,1622.9050262552978,-0.46458422337638394,-0.0041079762540371075,1.2096736439953684
160733,8,-9681.934137887214,1.0023004232635664,0.007135299445280567,-0.37285431470266533
160733,9,-1490.9924239525255,-0.49951310646633074,-0.35620074568699667,0.03380904013984834
160733,10,-5561.1578297249525,-2.4067907744290307,0.29583691958140196,0.5025370303423145
160733,11,3266.719154688408,0.17085181910253144,0.5255016933268871,0.06355502245692207
160733,12,3802.5955899538835,2.649329637085896,-0.05841852964258189,-0.07768249179510578
160733,13,8881.535192464156,2.9548460804885694,0.6484328279031998,0.5804672090008327
160733,14,2158.8363487894185,-1.5926925629794202,1.0859959089941653,0.6601877214658223
160734,0,5191.939663164176,-2.1644075612195466,-0.32984095058906215,-0.8654605338228284
160734,1,-8026.204289642604,3.056086872396264,0.8297474788744862,0.7360720085407954
160734,2,-9178.562240881618,1.521618997839699,0.9046181172582637,-0.4697116277495347
160734,3,-9681.548682500526,-1.7895329001309568,0.11182495197493056,0.11141179604890253
160734,4,1264.031124250086,-1.6056430020840902,-0.6615734590683995,0.737721302777219
160734,5,-1134.3604969024054,0.9812171083310952,-1.3088666157973194,-0.04557998677258504
160734,6,3445.2053067161314,0.10396582126502718,-1.370730492345431,-0.02715365310343611
160735,0,3623.8870296804103,1.0053921193583601,0.1539249219100933,0.6043813560778337
160735,1,1762.3753566181654,0.1615689012334749,0.09083894150090674,0.9312390192692903
160735,2,-2420.4316487784968,-2.567548956904315,-0.29964865629161097,-0.01407737777560337
160735,3,-8787.758512766315,-0.10187042119415013,1.3642604742887996,-1.020758135240936
160735,4,-5227.53825151735,0.09389252180327246,-0.055056427990823144,0.48748470707695507
160735,5,-3433.1996546150494,1.8838731306737717,0.3335921653695782,1.132300226542716
160735,6,-7979.66286406037,-2.663922928450451,-0.3877858109811539,0.2650671912335988
160735,7,-9421.334482549197,-1.5710376428653912,-0.21849557966007999,-0.2517741979479873
160735,8,4891.644819391554,0.1856252881196796,-0.013444935998129827,-0.5534089283728741
160735,9,-4155.215743202996,-0.9516094100036989,-0.16181225149965328,0.0780987132702666
160735,10,4970.778326463993,2.742109673255615,-0.6731467587462229,-1.08955340001275
160735,11,-3866.0502564489348,0.8113341232470805,0.3384505086029077,0.8583128045420498
160735,12,5561.60627244819,0.6629368663556678,1.3250013774710836,1.1919756965687704
160735,13,-3949.9219778473002,-1.6899346644193407,0.693799993144552,-0.7324660930005751
160735,14,6466.468741039447,-0.5363687171775382,-0.16557019212560087,0.06628240904506186
160736,0,8590.037324059404,1.6566492991967774,0.5038354754068699,-0.2166576644290366
160736,1,5559.413905231469,-0.4138579293886626,0.7150200353130656,-0.053555288863088586
160736,2,9719.005172698056,-0.9947253985323248,0.9077779629106746,0.38271250413434443
160736,3,-698.6234998371351,-2.379419199036763,0.35121857397523504,0.2830530981565811
160736,4,-6613.154444043423,-1.2455131952507126,-0.1260285118223932,-0.1346526236502652
160736,5,7698.638330692225,-2.7644006975398745,0.9951318345344762,-0.49512706184782806
160736,6,-3635.712972682401,-2.3105614718312912,0.8122617579885569,1.0377779436108645
160736,7,-859.449342018578,-2.2326008720921964,-0.31789256084487405,-0.06678949423451824
160736,8,-1505.1912731106286,-2.547251591101184,-0.8105305607464081,-0.49493773391273077
160736,9,-4214.3555385627915,2.1367635779455583,-0.5923544806726995,1.2469102993691306
160736,10,-6538.056056178205,0.5505009226034905,1.6356996850714252,-0.419625098215027
160736,11,1991.0599297897625,-0.3410889193827593,0.5539170360663114,0.751967962760475
160736,12,3696.160688016583,2.693524316355811,-0.005675403752795097,0.5520272941503881
160736,13,3119.9569177828553,1.0819662019885419,-0.9608189092095001,0.42198180614071434
160736,14,-6821.287664073509,-0.7682653374353503,0.7522505971832361,1.4655982863753008
160736,15,-6696.973032959413,2.12001974331411,0.4202011531955052,-0.3078783822672313
160737,0,7683.560582023342,-0.41241472724389583,-1.0643410163380487,1.0694283080718432
160737,1,-344.7198495349328,1.34336378401244,1.0670338369826133,-0.22130493672741786
160737,2,6434.629902204692,-2.8633306434882226,-0.5527277197342535,0.5040655226207849
160737,3,-2687.467539300042,0.4164984931322988,0.5017356613289845,-0.25606773559190593
160737,4,4065.2837926545067,3.0808253853029646,0.8491190135856233,0.5994207824567171
160737,5,-4681.783544567008,2.3395404467106955,0.6821085381757528,0.2758238676321428
160737,6,-6039.698887811051,2.2411689623792954,-0.05598566642829393,0.5433218390368586
160737,7,-1112.5625797215425,2.5935908371664143,-0.20591083498332644,-1.3856189713915223
160737,8,382.1124218939904,-0.6103094919370937,1.3029168008338656,-0.6273609391834959
160737,9,9610.687520981022,2.4547853438747618,-0.3644535564703767,-0.31309715742199895
160737,10,-675.6095172718141,-0.5015350013908342,-0.8936317781007566,-0.15198428669855868
160737,11,-6801.840442351192,-2.613896791959375,0.43613558286583115,-0.36539154192881906
160737,12,-9987.230715184625,-1.3852853748070182,0.47894578239886143,0.04137407595151665
160737,13,1647.1461469651292,-0.286484677187798,0.20705290318147507,-0.36790609237741034
160738,0,3208.412117278536,-0.3385373641005125,0.8008352924108533,0.8922296530328723
160738,1,-1469.4638584277084,1.0159576252157922,0.577147935664615,-0.4199466274179877
160738,2,-7736.450557541505,1.1360831717497284,-0.5697949859830209,0.6120266189312893
160738,3,-7475.443466133077,-0.6800228388829748,0.14630522992169398,0.12386792782772219
160738,4,-8374.50493505979,-1.1332524103132569,0.6483038339533549,-0.1982956750265813
160738,5,5234.799151189891,-0.7997051236093173,-0.16637999473246562,-0.24144285732985893
160738,6,-7985.350790933876,-2.1608519501914087,0.3088911904032121,-0.18803934202841266
160738,7,-9406.53853112977,1.2951254180086371,1.1220695332249924,-0.2566668613232448
160738,8,7344.750323905604,2.797421470082077,-0.9333870489342793,0.21565050355342053
160738,9,-8451.159538318872,2.477764832495863,1.2136435382022575,-0.36685068124927644
160739,0,-359.71145780235065,-0.1659274514214908,0.8886069877188041,-0.6070096279761139
160739,1,4846.011124029112,2.041313993038366,-0.9993640694402104,-0.6772145095526302
160739,2,-7666.250750575983,-2.66947874767213,-0.6181989136568877,0.5576693106051086
160739,3,6731.200714611827,-0.6263131465521603,0.9014825139746492,0.8071400668038456
160739,4,6820.729813049899,-1.857645194439301,-0.043472378590493785,-0.04257032072723006
160739,5,1308.104808966143,-2.84872259198383,0.7082978935564916,-0.5949897488689656
160739,6,-5372.699872275118,2.228406869358518,0.5711006127602758,0.5474371316442607
160739,7,-973.6601126062648,-1.6795957156589603,0.02914887549074152,0.28522319683132813
160739,8,1080.150000163967,-1.4988429354293236,-0.02809531260591619,0.7771748571143898
160739,9,-649.6339351507593,-0.71850462997834,0.3008686942766199,0.7765002395487414
160740,0,-5140.095768298011,1.122075915612669,0.0548842058760953,0.34160655162114906
160740,1,-2354.736737961445,2.9668949319502795,1.3649327434884477,-0.7412871136825847
160740,2,1841.220960785974,-1.3839619254066249,-0.1666776337727418,0.2034414383991662
160740,3,1154.0230903054726,-1.3609191562425542,-0.23958052601876337,0.8351353032659645
160740,4,7994.1738048166235,-2.089797840345394,-0.2607864881612961,-0.516097005044611
160740,5,9125.70228511789,2.675847803740269,0.5494088810015586,0.6395349118481991
160740,6,1045.714965788978,2.657700050716616,-1.2130527695107673,-0.4773990717708572
160740,7,3925.346169195762,-2.31171339989959,-0.32645907238104793,0.3615511380484871
160740,8,-4984.996094770188,2.9596237439412265,-0.1968829773587208,0.09386889684417826
160740,9,3642.109029337205,-2.1529526371095806,0.744418537476383,0.6188520526607499
160740,10,6598.557886768258,-0.35877501207382645,-0.8970703810433236,-1.3071546553017266
160741,0,-4025.909024490391,0.4289656383639091,-0.314309287110487,0.9430595338771557
160741,1,-845.8106808449562,-1.385191995689521,-1.18541247385252,0.5361408122933221
160741,2,6531.076059352966,-1.4570517873591147,0.453779023485077,0.4033949099918963
160741,3,-9397.305830039064,-0.9033290944750227,0.4719725230048125,0.8462315368742399
160741,4,-1579.3407859168099,2.067534090484415,0.017208021978309132,0.7323048629653363
160741,5,-8960.433273450866,2.1013311734861277,-0.004449621327443357,-0.2975516206969745
160741,6,-2656.681704526455,0.5760024777029091,-0.4989943538683833,-0.07573451405586554
160741,7,-5330.617725040353,-0.09975203864847604,0.9134217028153588,-0.8700035230018012
160741,8,-434.8843315371271,-0.2961023799805633,0.2272981073794274,0.028184763543714277
160741,9,-8581.937003301562,2.2707233982684825,-0.8184467282595251,0.9827411527739089
160741,10,-4520.36566364639,-3.1370559478425704,-0.2881354580379942,1.0261613434728527
160741,11,-1089.7039589578617,0.68489296982131,-0.2200090734343783,-0.11228216275828684
160741,12,-9712.38926038432,-2.5230117433959265,0.44420576559498987,0.08022110506701148
160741,13,-3756.4030325726417,1.7862576663785248,0.12162441193579157,-0.2774457806419738
160741,14,-8726.591188693636,2.0488735997607623,-1.010678983573623,-0.4648096180114434
160742,0,9023.364837149924,1.1318515639722966,0.10589199928350135,-0.41909836719303817
160742,1,9722.639933928296,-0.4723328152127122,1.129719945553577,0.8193825121429663
160742,2,4372.708839955527,1.1600535912250196,-0.9508087066119923,0.07382223415839392
160742,3,-1153.2934447275543,2.5871412003121295,-0.8568968502990343,-0.1559524619606263
160742,4,978.8863340897478,-0.6619153632380783,0.05686151810082543,-0.7201267885954882
160742,5,-5815.25018673922,-2.366000102107911,-0.5261857985317717,-1.078062653813111
160742,6,-4328.0831113426075,-1.9772529819990006,0.6760334308460144,0.9472689047985275
160742,7,-7403.712966117678,3.1324335122361777,0.4565223148280295,-0.6510644813465963
160742,8,7712.683817141437,-2.1300670174710334,-1.2196481960347598,-0.688092301115607
160743,0,-7107.131536986845,0.8811062894850004,-0.5179756797314439,-0.14147575981109822
160743,1,1956.919494851938,-2.1521597252343923,0.2116768382260134,-0.3849138647095186
160743,2,5322.221824487941,1.4458867181838029,-1.535409724780799,0.13113205361844898
160743,3,9237.520421583562,0.6564023676449038,0.22947380256237515,-0.5072759800268329
160743,4,-2788.4517415921396,2.203373564186819,-0.19847844104803997,-0.29237233804317686
160743,5,4206.896703373652,1.5925391076388031,0.28951617773013794,-0.19356528296115497
160743,6,4402.166541962691,-0.10082125256996877,0.23430994326903112,-0.44513132333106087
160743,7,5562.529265319266,-1.5512025998699837,-0.09717580020503332,0.24880709715661758
160744,0,8458.36279500265,0.8492682498653492,0.5418635763576594,-0.908865425737817
160744,1,-3396.6602745387304,0.05922560572624702,-0.35165290783586667,-0.3900571374709519
160744,2,9702.998904833692,-0.39003344000193163,-0.29194365912064135,0.11271389866758581
160744,3,-6121.413182703987,0.20108657397452712,1.1255256187680147,-0.25844080098358513
160744,4,-913.3627748608047,0.45337398449262434,-0.9722651996742796,1.105557135193769
160744,5,-3643.2140848232716,2.2053794690801176,-0.8761048350418115,0.6383126791191246
160744,6,871.4741501224435,2.0742605515177903,-0.1220216563383853,0.05208265453704157
160744,7,-8511.04581126609,-2.608786849012054,-0.9204556136855759,-1.3854266093043484
160744,8,9061.555395146992,0.9954153447596426,0.06633602509647604,-0.1597044544012174
160744,9,-3719.6663473794315,-1.7122176707410168,-0.8291333584539466,0.8149514973043972
160744,10,-3783.4191629456336,3.084232827130217,-0.7747603212077633,-0.5035272799513075
160744,11,6026.96094976223,-1.183269015754794,0.8930469251455176,-0.35803438077054756
160744,12,-5056.33330217671,-2.010544594986647,1.245896639524215,-1.1581022701592034
160744,13,-2328.688228222043,-1.1816540097457093,-0.9400706892239571,0.34486512394854785
160744,14,9018.455441239339,-2.2178016164976726,0.5186210157530997,-0.3744742400381991
160745,0,2206.8639412962484,-0.7248215750608726,-0.20736491816240515,0.045462572699393085
160745,1,-2112.903061155913,-0.3102160268253398,-0.4546232528130142,-0.17675311340337455
160745,2,7324.604545968593,1.3789127262875658,-0.4362795435561936,-1.0693223091521513
160745,3,-3315.090168339149,-2.0849179337014783,0.020825224312586633,0.17329666490919307
160745,4,1313.192804576458,2.631178241169029,-0.9662256207486453,0.6150554926175767
160745,5,3970.327959902365,1.4931852099388099,-0.41129076802858455,-0.5235164041952589
160745,6,1705.4448830967642,-0.1922831209256004,0.3973349073218797,-0.08389564556500625
160745,7,-2251.7842672884535,1.3830538143011761,1.7770778482279683,-0.8012277855082708
160745,8,305.40970390466225,2.431389068287313,0.7764555841648557,-0.20059741101695605
160745,9,-9851.877955963208,-1.7169142841154268,-0.0034908680944426584,0.2549883842507491
160745,10,2397.0427141500527,1.5441802987226874,-0.22526485554974354,-0.5146084956832111
160746,0,8507.065574223552,1.8866415281272957,-0.26242918722469033,0.1377666022121988
160746,1,1771.6415139967655,-0.7947278120575589,0.1591916354602541,-0.0067252129367222704
160746,2,8293.172285574348,-2.698808520435746,0.12596253969816057,-1.3855945699019192
160746,3,-6247.804809218748,1.9505614768480832,-0.3101682580665602,0.15019801275257727
160746,4,9407.329000505022,-0.09938687463364326,0.1934776396206634,-0.6940226889817952
160746,5,-7543.2225737936915,1.9856262814986607,0.5230845999325141,-0.46486094633684744
160746,6,-9014.40756917394,-2.76427945615939,0.7941207131832091,-1.2469066961799569
160746,7,9676.357190139961,1.3915604185676642,0.3798211609726031,1.6637011253180987
160746,8,-2137.0791185728103,-2.799564943964258,0.33633352682191103,0.7223116318304809
160746,9,3546.681865753829,0.6530006286211711,0.3426446804671447,0.5928174363930178
160746,10,-8409.890092169773,0.7241164624688965,-0.4969300059032676,0.9419456558130933
160746,11,-6432.866109322579,-2.550416766158949,0.12024132060578416,0.09216838975855224
160746,12,-2402.523809334751,1.0905619834374054,-0.352927565989825,-0.5304558680935866
160747,0,-327.83915391477495,1.5635098697017034,-0.07303530469075195,0.5039295300191422
160747,1,-7236.717017209164,-0.9382443510585654,-0.09695024275039316,-0.4384940381729952
160747,2,-2789.3050169043413,0.1986666257297176,-0.05417595176202657,0.2693315311434585
160747,3,-1767.6608753904002,-0.11085404771869145,1.2075426257263475,-0.9516749253256604
160747,4,1606.581073617684,-2.7071410707296644,-0.5110499356336068,-1.3232919498364182
160747,5,5801.002802535381,2.3938554887900043,-0.6031511777506651,-0.5823119965882266
160747,6,-9085.415841329734,-2.8791736554945206,-0.8039753613096006,-0.23237264467006286
160748,0,7242.4274660813335,-2.2331410205715962,0.4876035465277474,0.47983551149278
160748,1,2322.6413448306116,-1.714117208543765,0.021879949138505543,-0.5187018636013246
160748,2,-9847.74218548573,-2.9572044732353477,-0.6132264995239702,1.881732523402193
160748,3,7304.809059417885,-0.3221935265575153,-0.903117730994792,-0.6230482419875553
160748,4,-4467.424489304779,-2.7597153645457775,0.18855374394274185,0.5403865495893135
160748,5,6877.168814363922,0.20513238148771284,0.04847007301074464,0.11196830823209983
160748,6,6497.797428590394,-0.7306628863585272,0.6622976801970221,-1.7152369914980279
160748,7,-7915.686824697569,2.869973162033281,-0.5241449875283768,-1.1391935173321794
160749,0,1821.7872873386157,-0.19579440210674015,-0.6299809195278886,-0.12721150680601923
160749,1,-4050.302880000653,2.4992378565121927,0.3837364050246533,0.485396345954837
160749,2,-7397.221074067458,2.749575880502883,-0.27748251175103716,0.10374115928380093
160749,3,-7597.185128383303,2.3555859184761303,-1.3910625404242136,-0.015581321698947954
160749,4,2738.438330254177,-2.8015537238870145,0.8266694917569137,-0.6793615327152387
160749,5,7110.018612861311,-2.656908422847237,-0.5888740533246534,0.4663304668186288
160749,6,-8642.398865179342,-0.18888765293378995,1.0817116833124376,0.02332727702469424
160749,7,-6040.02289843753,0.7472347923690559,-0.4374639471611819,-0.4783351177230525
160749,8,1903.7307597213344,-2.630167760571843,-0.5817538593396121,-0.6108299421253247
160749,9,7709.984556295409,0.7972389776351112,-0.22656332488164588,0.3783888904259938
160749,10,-2424.0172866739563,2.216565661257609,-0.6051207434750104,0.3166097092266479
160749,11,5532.149388401686,1.2763061051308808,0.10098434108371829,0.06436842538031037
160749,12,-7572.854689374335,0.40055656387606753,0.7805176273001552,0.6982888275754395
160750,0,-4108.427616249512,0.8068600552246807,0.5083846198078308,-0.16837962725458994
160750,1,5440.924340687084,-0.39949851315029417,0.6977746441362777,-0.5731775927953426
160750,2,-9524.78498018918,-1.852057020473087,-0.6026566670689628,-0.10005661176385391
160750,3,-2165.991638322278,0.07047979775688873,0.921972734727759,0.9944259402902598
160750,4,-7756.511589856802,-1.4120398326550447,-0.12427805509128953,0.3860741092261243
160750,5,6304.145170072052,-2.6378292208490293,-0.8464370668013813,-0.5392052176377964
160750,6,6743.2059778967505,-2.7513154226699625,0.23403804236251358,0.21665476027847053
160750,7,-2970.890074332115,1.5021709189513182,-0.21830450063930198,0.7385818967941554
160750,8,1283.6644260725448,-1.7125799958757084,-0.9318649262122227,0.3870747890656273
160750,9,-9991.617215590784,-1.1077259015713912,1.0388688489395856,-1.4647386534090518
160750,10,1971.7010457277545,1.8500040810310052,-0.7610211544310476,-1.5531815889241773
160750,11,405.98240759812114,1.3531032050775211,0.10296222293604697,-0.19711764355127306
160750,12,4747.704907300337,3.0299117980682535,0.569247604388666,0.5091516669952054
160750,13,-621.7014545327704,-2.8843329131619986,0.03459742936481611,0.12449183471650105
160751,0,-5927.978892386296,-1.883152657984266,0.3894602196061861,-0.48557447659678626
160751,1,4091.8289516152404,-1.461007519859428,-0.00443609494843304,-0.4745500313391087
160751,2,2871.9123197818444,-0.5084872344008455,-0.306102920458867,-0.5244815044134364
160751,3,-2522.4551051135363,-0.51893764990696,0.9874006955136584,-1.1186791573588002
160751,4,-7151.972760331576,-0.19722616176578533,0.8548821291921849,-0.3885899070859906
160751,5,7622.308718400366,-3.1261967237799273,0.04234837351850066,1.8786917729484183
160751,6,-3186.813814024901,0.38722973147156337,0.5017573951153853,-0.6102626445086842
160751,7,532.8158579239079,0.9342777935068707,-0.9941541470858436,-0.02480313810773547
160751,8,-9583.190772037362,2.3714936803466644,0.3909863086888131,-0.7843305509188434
160751,9,648.2340350591721,-1.182178189765008,0.11847792113159362,-0.5862524670381628
160751,10,1501.3672867639193,-0.9411803055894619,0.9599523781031145,-0.5077186689881934
160751,11,-2900.8134739233205,2.860778045673727,0.09815226391587503,-0.08131927571705594
160751,12,3604.0318176268374,-0.5777996521752842,0.5674460649546401,0.07640632397629701
160752,0,6533.556984393517,-2.5716046794812937,0.1892423752955637,-0.4853940025370538
160752,1,3355.065691099185,0.2524976810879376,0.9012639698099869,0.4518378620196462
160752,2,-7029.665540538146,2.7897566583076356,0.24335380974608203,-1.965596625295254
160752,3,7089.9390346357695,-1.3100576991334139,-1.1389114832124287,-0.7541037276883864
160752,4,-3394.9627333107483,-1.1321093656473087,0.07944145664994655,-0.06886848559992262
160752,5,-4909.767366253618,3.072045402639475,-0.818572980205662,0.5736155640499669
160752,6,-9802.277312272063,-0.0020738784417879685,0.0022969080249033483,-0.1546626061556629
160752,7,-4920.758652244717,-3.1068403058640803,0.3526011306594797,-1.0631192691114006
160752,8,-364.74731608175256,-1.421502861439742,-0.4834787441311248,-0.9586420584430405
160752,9,-7745.787132125057,-1.6104094294275562,-0.17761277971768136,0.34951016733608503
160752,10,-8487.172857893807,1.9662835920404929,0.02822472953438138,-0.41606974040784245
160752,11,-3358.419977569031,-2.605747128100136,0.6184002256807452,-0.3723564801575193
160753,0,7472.163725235351,-2.9588404576968466,1.4626681174359215,0.15356824443539452
160753,1,-675.3634901419807,2.5972241540851737,1.154215862690301,0.12853229711464334
160753,2,9883.377345761823,2.853190045632264,-0.613105654621068,-0.4036540784604784
160753,3,6597.108076468127,1.3774754749654408,-0.46899216471837224,-0.3673567792724888
160753,4,-8974.036561148296,2.8059874249159487,-0.06989840114189697,-0.14505744471511617
160753,5,6210.497951988698,-1.1242378708247576,-0.6542051122870142,-0.31168112474214904
160753,6,9775.982644070295,3.009967808519331,1.2537495457328596,1.0237977149095094
160753,7,-4391.657850616481,0.04928805645548584,0.7968908323264878,0.05408402555520367
160753,8,-1078.7569640623879,1.2190345545255523,-0.15606804258999435,0.2364917142582154
160753,9,-9273.764794911725,-2.31832736207895,0.22388027081240286,-0.21225232297094399
160753,10,-4668.556221967841,-0.6852007798257591,-0.03445139186708071,-0.1942309344594877
160753,11,-7203.081124733708,2.3244677436595413,-0.7447103444691141,-0.49066292350420415
160753,12,1185.4875198495733,2.5766149247990153,0.3386420091129437,-0.6538974772575114
160753,13,-6185.760377337664,2.2608965429365773,0.5366261641287462,-0.45212394919429433
160753,14,-3240.157563347371,-2.841639652079107,-0.7099173245759692,0.2938053127684585
160753,15,-630.6364480650327,2.471842930401408,0.3444402816202662,0.4357210676890271
160753,16,7262.918288266643,2.2879309846975797,-0.06327774374431042,0.6603541738283103
160753,17,4929.402450073136,0.5444976529488597,0.1915315841134581,-0.22430268018436544
160754,0,-5944.069225165523,0.5777967152458303,-0.26495788516646673,-0.9776171608594875
160754,1,-3286.4067432204993,1.3641590810691904,-1.2393890308339763,1.1268168076178988
160755,0,-5845.671365998775,-1.466155218668622,-0.6121939025465561,0.3508503249341553
160755,1,-8645.11727520346,-1.657357932861577,0.4256693376951367,0.8282950793936263
160755,2,-3660.2320648982286,-1.6929275173803446,-0.004006391199339413,-0.6111143141650577
160755,3,3581.8885598222123,0.1653751813790123,-0.12479926444255143,-0.12160915035961169
160755,4,4076.836070795687,2.474677075926669,0.19745835067883705,-0.07486524056275694
160755,5,-9410.725795775143,1.1627416443895866,0.33694033329845097,0.2350406053151577
160755,6,-7424.531224798278,-2.9066400356405455,-0.7616735438076523,-0.9405876233120144
160755,7,-2822.1858009012044,0.5174630181723359,-0.08604438907680412,1.0110129937092909
160755,8,3400.1898703411825,-1.5835621019722066,0.33737721349330513,0.8541631214858993
160755,9,-8970.019855084007,0.6117876906064157,0.4002368030251555,-0.20902708032972372
160755,10,5485.072356656402,2.322184755196318,-1.3697900297634282,-0.6306030060953831
160755,11,-2586.8818517363193,-1.6681643845888539,-0.46740392993471036,-0.21877857803397066
160755,12,-3665.9425579780873,-0.049418672691271315,-0.1521333308340986,-0.4235389074329089
160756,0,-804.1060646588708,0.568294318656223,0.42103154414860994,-0.2016217065599521
160756,1,-923.9158591276841,0.2580231059707012,-0.49648773667324303,-0.04490688572109961
160756,2,-371.64516207994006,2.762126743216621,-0.014720479132927847,-0.9269251832659823
160756,3,6315.6396428081,1.4729393524806245,0.6459150318204041,-0.11290002160326364
160756,4,-2357.923360534605,0.6872391379414786,0.15092303194930895,0.02451622143883523
160756,5,8113.702835965507,-0.6432294385068595,0.2096944206136171,0.5776574189925461
160756,6,9481.930295556904,-0.29481977579890417,-0.9710631155386659,0.2507720864181741
160756,7,2242.4178670247456,-2.6226220063472634,1.1623557353090423,-0.5182466325511479
160757,0,1853.669739891008,-2.942391655785706,0.009294174934353182,1.0614455883223792
160757,1,-1599.779129974288,1.6548873761821632,-0.24482260984313242,-1.7372456873894682
160757,2,7155.57898573926,0.2624544468751999,-0.6523122810802283,-1.235272680392544
160757,3,-5447.246370327965,2.7030083855374647,0.5308333936302356,-2.368036898847579
160757,4,-2762.0489122003564,0.5000199587976164,0.552652124640409,-0.14256493189341796
160757,5,-5809.06329639004,-2.201178478090173,-0.4201349970536088,0.6949296994504002
160758,0,871.7286580404475,-1.7032513499149022,0.11145202272555751,0.49762842447282246
160758,1,-8040.064749994079,0.9300293006127749,-0.3252223574117793,-0.27517209952779353
160758,2,2454.0890839755225,-2.0287016873786916,0.3503949901258494,-1.6932894735182322
160758,3,6832.974248388922,-1.5067740250031427,1.020077008434007,0.5676318502322795
160758,4,-5815.259123168616,-1.6227137984682947,-1.9235650499291108,-0.8751465704323899
160758,5,3824.6471858401956,-0.5034620251082482,-0.12761605925706584,-0.39785274117927916
160758,6,3707.5848074411333,1.1664268950593994,-0.29620323657457437,-0.8200147202604433
160758,7,2343.8299435600898,-0.5041429209162072,0.15843099840209868,-0.4479040352823266
160758,8,2801.314342139279,0.0032943530004523325,-0.23123626657832086,1.1602908272761756
160758,9,2269.9277657325592,0.45094719610036504,0.35580995013109606,-0.6824419862584052
160758,10,6580.947553861445,2.070852352327641,-0.3433917917277278,0.09402698196889266
160759,0,3593.9906650244893,0.40622303001760685,0.5040295011770118,-0.2800644840026998
160759,1,1667.6486845240645,-0.7663832105396668,-0.7237308562564296,0.11528269121796336
160759,2,-3366.942573471553,-2.9665980115880974,-0.3623187747976201,1.1636147871009594
160759,3,-4980.831335223059,-2.186557074427814,0.5931379525132945,-0.103038624274506
160759,4,-6253.612668467891,1.3270242145129147,0.07718409669795717,1.2701545455653207
160759,5,-9689.489634616268,-2.8765980003730305,-0.38225804910418965,0.34686389359053005
160759,6,-1472.5154076316287,2.34679898157395,1.6538634641012229,-0.2061703181543563
160759,7,-963.434897130418,-0.4642780928499728,0.8394218279849237,0.9647301763471574
160759,8,3914.9001090561983,-3.0991536786568026,-0.4462365627644699,-0.2787105110713416
160759,9,-3083.755558186219,-0.6786157388480336,0.03219178764729951,0.44330954431511277
160760,0,-9173.854433740798,2.5050505682428703,-0.2677162560006076,0.39541447315368217
160760,1,7669.271577211608,1.333314675686898,-0.2623316093673086,1.1261995532334859
160760,2,-634.7140918469519,0.9826035025419113,-0.15660296150103098,0.12020829213601049
160760,3,3132.9520262190226,-1.1169267126557711,0.33503235659617336,-0.6646833112932709
160760,4,-5269.219681572805,-2.4881544378142166,-0.12024965959858674,0.15032519213019116
160760,5,5903.7802054480035,-0.7479746509580489,-0.4670921925306024,1.4330271485785038
160760,6,-4397.593007325582,-2.7115825862920566,-1.5057103943986951,0.34596881211838426
160760,7,-4089.9241937778256,2.826937918184999,1.0222939066484276,0.3187248234256385
160760,8,-9290.601704666671,0.5898589624782336,0.31504041410411476,0.27104860183326596
160760,9,4872.7989341454595,3.0488536984203574,-0.7179819585497713,0.0311140799438526
160760,10,2237.1601648171395,2.273051385663144,0.9683742534866073,-0.3327180339665693
160760,11,-6138.145444562932,1.8977348646631524,1.0423159966770212,0.27508096261505316
160760,12,8314.95261635743,3.0103967933763975,0.3601629247249776,-0.19397275917467743
160760,13,-7164.431110422316,-2.7183005891202137,-0.7142564661354507,-0.16187295385749845
160760,14,-7513.9978002656735,0.08699290323397557,0.22626870105745706,-0.17423673000296802
160760,15,5708.506146720121,1.7397760670024667,0.8318918387692738,-0.08536412106779223
160761,0,5104.083672171688,-2.105580419267403,1.4992723170221125,0.6504341066850565
160761,1,-4138.370076720866,2.9129164670491923,0.09452142830339164,0.37359571093713706
160761,2,-3686.5304313611173,1.388528479747273,0.00041361210957877585,-0.9274093086904294
160761,3,2885.1636274522766,2.1538613069014767,-1.3875572584802902,0.9839739703171052
160761,4,-5727.668445729235,1.2841620128441766,-0.5209634409223464,0.0767928832754656
160761,5,-6017.291068452348,2.176671110997196,0.3658609739608237,-0.7946660582585963
160761,6,-1352.3062097083694,-2.0767750423767977,-1.395852893424336,-0.12338063806847518
160761,7,-3979.2917300840536,-1.5286108076624396,-0.13996141023113,1.0834322074840221
160761,8,-3992.610375026522,1.4806425066142292,-0.15706087468608276,0.6146730305133694
160761,9,-7011.980136285666,-2.2434421110260754,-0.12636317037782246,-0.5737688893579136
160761,10,1152.855920063395,-0.5719656362893848,-0.3384072116962028,-0.5584670568145872
160761,11,-1299.8015605022742,1.3435657882934073,0.03498502268154501,0.9056076321107713
160761,12,-1792.4681363506163,-2.507631552537086,-0.20144151160274287,0.38113706701981076
160762,0,412.8960121028143,-1.0392327798352157,1.0115344557935737,0.8685589942573683
160762,1,7803.996615878193,-0.21194212214575048,0.06353973340004668,-0.3409171524719953
160762,2,472.01582984563913,2.7804719015438337,0.7304498922318949,-0.1716536804616291
160762,3,815.0728470963304,-1.5073303262771158,0.11944490364935735,-0.16152373395575612
160762,4,-9760.225436935341,-1.1194401796421416,-0.38394949937662265,0.7770741691898133
160762,5,3400.6083605388203,-1.1260256393264871,1.9777725866247613,1.0091475470263191
160762,6,2169.246560538948,1.5855382376687022,-0.009564849586948757,0.4948299976609606
160762,7,693.93744557753,1.6234292904253316,0.9164498270028633,0.3638174953396763
160762,8,3320.85524670434,-1.2215062547142836,0.03776428238042451,-1.1929863192294237
160762,9,-4355.804627049647,-0.8076020282622016,-0.15001799765566742,0.533310118154557
160762,10,-1121.1667729180576,-0.40829518680235477,-0.5020550922076225,-0.405872318754089
160762,11,-5414.691589054116,-1.4687428931353204,0.4095777338128974,-1.1053059098155407
160762,12,-8372.091570059078,2.199952531354719,0.11317824364151569,-0.17189773921430074
160762,13,-2694.30610044531,-1.1013254931477734,0.8524813052205561,-1.268881182367676
160762,14,2387.354120981,-1.292038457780636,0.4179495697692769,-0.4254477031745492
160763,0,-5258.1956663518795,-0.153354311154545,0.5866220158123105,-1.0385644366907152
160763,1,-748.5909900914046,-2.219809941299094,0.33494140166277964,-0.5986758963925319
160763,2,1110.549439999692,-1.6351889491428313,0.3619288291787993,0.13927544391644003
160763,3,3876.1582456465217,1.1198450131438484,-0.6065525187949623,-0.27079677828115506
160763,4,4434.767174545941,-0.23621933317787835,-0.1364891450425308,0.0222331843363847
160763,5,8918.623319062812,0.17789856939726478,-0.9009906914628703,0.8405733847474259
160764,0,-6024.740770124288,-1.7571556922785323,0.23470974455799035,0.14447639495075382
160764,1,9569.203389366028,-2.040191504300842,-0.25720899522545476,0.7002475853358671
160764,2,-6711.930246596025,0.5496425782931276,-0.5001629751470724,0.6676971807325658
160764,3,-6449.532956574876,3.005657798365273,-0.9162784459124046,-1.2951932874121637
160764,4,-9922.071980052466,1.5025134692187505,0.988393221999834,-0.9425308765223985
160764,5,-6088.563690399586,-1.850913634235042,1.6692743818895464,0.7533727699477191
160764,6,-3558.29681869024,0.5783970928412563,-0.11073742463594363,0.6851222699874714
160765,0,-319.67826816399236,-1.7499441962402562,-0.6190014795702983,0.22791025832338335
160765,1,-3024.759017886966,-2.927989740899653,1.010838188963871,-0.6816901163597315
160765,2,-631.2324471958577,-1.9715551257718598,-0.6670326110912279,-0.5699763337686002
160765,3,6093.286201148293,0.2414245538267159,0.2897972727079532,-0.39339732771092734
160765,4,3610.0587777445353,-1.1644274342176064,0.4630263857522317,0.6524489280619026
160765,5,-9971.445967096195,-1.9789183156155605,0.036087597227861395,-0.02510509203667198
160765,6,3442.1339143183964,-0.9147208476703672,0.09524678022752667,-1.5608572812289119
160766,0,-5819.762877131849,0.3909488079979546,0.5329470857595078,0.5585089792787652
160766,1,9379.487800622608,2.212549588114504,0.6427919438419043,-0.7795238012406582
160766,2,-1563.6102958611455,1.8156644023744475,-0.49533706807234285,-0.3254485903854798
160766,3,1273.1439014702382,-2.246687030758165,1.5329390793291044,-0.513918898478502
160766,4,-5720.763827631085,-0.9409278637594105,0.8728918523560943,-0.8800538546632565
160766,5,5763.2374913248295,-0.26473037979641134,0.22654615227404667,0.21747312516130415
160766,6,-9065.054842821874,1.9348594538507982,0.8489901174917903,0.09864243576048039
160766,7,-8122.680934880459,1.3633707021519967,1.1009803354293584,-0.06775450478880615
160766,8,8678.118093491115,-2.4003568275799374,-1.1187402853449795,0.6953412765816558
160766,9,-8240.595797228381,-2.610610303417293,-0.4066391999220511,-0.6932909571447837
160766,10,4908.520872998355,0.8090024675801244,-0.007279106160945401,-0.4946963325760956
160766,11,2902.2064357317577,-0.29153472436053063,0.021350192240099354,-0.3435475331181124
160767,0,7852.201100412831,0.5891310810721317,0.4025700572974964,0.7142037352245234
160767,1,422.67749211582367,-1.9531919053978293,-1.0583080023985656,0.35292649799589093
160767,2,-7261.832104685585,-2.5768598458609246,-0.17957452255220066,-0.5535872200910449
160767,3,-9461.240231585078,2.4323297990868795,-0.09828809997278132,-0.7018412846978835
160767,4,-8242.995008357864,-1.768654621013777,0.04126440987633958,0.4542315784707654
160767,5,-5435.7557743437055,0.16432256604365936,1.2154817474189534,-0.0017838693747471582
160767,6,-1671.7932570465337,-0.03065254930884409,-0.10148661982594655,1.102435579408249
160767,7,-5438.517991966304,1.0190140691759453,-0.7569638142485056,0.1744415213481856
160767,8,4032.3182330452864,-1.109966623028372,0.6181612033865531,0.07466973184022806
160767,9,4601.129839461101,1.0554238292138773,-0.2473155859877168,0.1855245814535985
160768,0,9243.702114085654,-1.0417926211676178,0.030351114576716867,0.1425923434449364
160768,1,-9370.11677299021,0.6174167935908694,-0.1162875366438138,0.11605830972196032
160768,2,-3600.8443228420088,-1.7535504125248589,0.020853014946024165,-0.626427512106976
160768,3,4908.150578296678,-0.5290656275790369,0.4226519437050263,0.24001425011681737
160768,4,-1216.8361511397222,1.635618502645042,0.12527068320256268,0.47052581195502474
160768,5,-1342.67674881697,-1.9534919431907143,-0.48157381756460116,0.2403206937956827
160768,6,3970.385578418692,1.9453907798297454,0.25460326732670174,-0.14137576537069327
160768,7,-8700.223232057726,-2.278786629013054,0.20799888746248976,-0.1653892916443492
160768,8,-1170.1884405243818,0.1698898976255654,0.4725402088088295,1.2926877504400682
160768,9,8311.949045012174,-0.07680564778737997,0.2826245564711845,0.69958661657051
160768,10,2093.1346017565857,-1.2092964994483213,-0.783275443071451,-0.823991742196039
160769,0,-3677.210536731007,2.910896363859808,-0.9277888243932153,1.1534449248261316
160769,1,-8539.514630405556,-0.8172932989230874,-0.2617125562440844,0.124345200638832
160769,2,8525.403399417526,0.6120489441442798,0.6746503715257379,0.3207337293554595
160769,3,6548.1723806735345,-1.973808840262507,-0.2663448062322863,1.080105623245356
160769,4,3387.3347566653283,-1.262230490536599,-0.3874856110756596,0.20809636398435738
160770,0,-7281.134989891683,1.0570378272855567,-0.400834739626111,0.5423387150269341
160770,1,1906.4164809804531,0.3436625140779701,0.011764745063185329,-0.35280186522228163
160770,2,2314.1555247879405,-0.10067281740861933,0.8191325765146797,-0.0015001094330388553
160770,3,4015.160755943825,0.316222368077375,-0.43004387194200544,0.34973253431622664
160770,4,-6106.748146994181,-1.0399737921328982,0.3166204123008144,-0.3030804632978665
160770,5,-3434.7951016137445,1.051901885579623,-0.6180116996320315,0.30502458867790727
160770,6,8006.895045358585,0.10341526157932712,0.44003056402439256,0.8503237425031381
160770,7,-7021.843791692686,-1.2974517862134447,-0.3770858894492459,0.8865744396146085
160770,8,2107.4460568775676,2.191011710271094,-0.10265131123619065,-1.2991958311801917
160770,9,-413.2187283205641,0.9106787659452475,-0.06804983960173792,-0.5874078909327117
160771,0,-7486.110066861556,0.9568382706033622,1.3820683593335827,0.04641828658738713
160771,1,6211.001130091359,0.2073114049128728,0.6149674189228962,-0.2924052145868821
160771,2,4483.634914193191,-2.1549046586551457,-0.49801616189169085,-0.5407186929941398
160771,3,-7880.476338835978,1.1789738059408865,-0.33072637960530443,0.6685933272882251
160771,4,-936.3659013318875,0.3434064187186654,0.6759562774249885,-0.3890315874855442
160771,5,-1901.2430049753116,-2.564197352675962,-0.7408499613557675,0.18982074697793996
160771,6,1775.0178377054567,-1.4167973477297604,-0.4317169217226444,-0.13835607040797426
160771,7,3916.233359357365,-0.7096408165224983,-0.29936736390784235,-0.7791347423889972
160771,8,-7110.860213170233,-0.8670524091648932,-0.7794128689024957,0.9354332097646856
160772,0,1901.341883710342,1.1305656115384624,0.02602474751276532,-1.2625437237557904
160772,1,691.4949913035025,-2.289563719966672,0.09731957271651032,-0.7383400440189575
160772,2,-5297.325614315259,1.4232461880885374,-1.056697901215899,-0.23638644041890514
160772,3,6658.694558816623,-1.368253743292675,-0.14792169987819276,0.7313187520087863
160772,4,7698.7311621658555,-0.9133071040088825,1.107327978552758,-0.93748646626469
160772,5,-9663.574585681734,-1.6507442289367744,0.25930621418375144,-0.7405455634714111
160772,6,-2872.0189000689666,-0.23731523656675524,-0.2889939985966219,-0.35439980109807623
160772,7,7274.739631278469,2.2571839305936523,0.5233425714439327,-0.6208034144034288
160772,8,371.9171910017076,0.16668310790745666,-0.5957100656914871,-0.048911945775153357
160772,9,-5188.7995970876445,2.7223404402004983,-0.7222905569071436,0.27775633181260695
160772,10,7613.629741010444,-2.000069092030749,1.8837791881852288,-0.48690059745872755
160772,11,6600.821273764622,2.7017947273372904,0.40382459074472676,-0.22914565665543207
160773,0,9782.925605621935,2.402820872592457,-0.14300421627430776,-0.28010938966295595
160773,1,-9915.457240712047,-2.7455850281961682,0.47032057217532164,-0.3644792636956128
160773,2,4860.6079237854,2.3618319798218437,0.22437120706618177,0.29956868641542206
160773,3,-4236.296807820554,-2.838284925848129,-0.1504670739552971,0.2888603371206372
160773,4,800.7265638725502,-1.4787013181739967,0.1870528991092486,0.1463157892433
160774,0,6511.532219948015,3.121591305851588,-0.7618177961748176,-0.15786295872856662
160774,1,-9355.716426646186,-0.5194524630238662,0.49664517979377903,0.48490442349167934
160774,2,6960.268316068441,-2.0116030919355294,-0.018348656918904537,0.5010945803224958
160774,3,5122.10856240972,1.307195910048395,-0.7761035796224975,1.5004649328714
160774,4,6200.630936098928,1.2396977054284184,0.3247033835218685,-0.9517811581630077
160775,0,7705.987759575425,2.6893000856998874,0.30353400826431454,0.041608516242350055
160775,1,2175.242246857397,0.7700282631836188,-0.596102238592894,0.4525020073633644
160775,2,-5516.235108458322,-1.1878890557355664,1.7713614484585092,0.7629685042439143
160775,3,8823.417644821739,2.8784352878643826,1.2007668929414357,-0.5129195957359987
160775,4,-2755.7565589932756,0.08002253454534092,-0.6904795295119733,0.07308914779526617
160775,5,1678.3803588559995,0.46586181777025937,-0.1861542364258973,-0.33646931057284535
160775,6,-9495.010315548378,-1.7882943178794062,1.189638059561189,0.2408859711162298
160775,7,-7501.6317431617545,1.150537215252636,-0.48619588479539655,-0.41639420659077286
160775,8,3370.2264142798563,-1.2457139454753239,-0.0853897022884309,-0.2569536604453886
160775,9,6021.239119706968,-0.5322009586725138,-0.575673177073987,0.3025470962638921
160776,0,-6657.646457867544,0.18197732071637418,0.27584926017409506,-0.5185738111423769
160776,1,-7803.727852203681,-0.9343660758365018,-0.5961741985412095,-0.9342805380594532
160776,2,6532.122713316966,-1.9626925321260444,-0.27877053630359017,0.42847681149918504
160776,3,-4393.355814577874,-2.4470064035777557,-0.06042282224703409,-0.1848395427330336
160776,4,8239.748940933805,-0.6305579862861515,1.0448594786174659,0.9804635325279221
160776,5,-5163.566731288364,-2.3388060211521107,-0.4454432858294597,-0.7375437620015314
160776,6,5025.370589054161,-2.806102001429832,0.734039042840865,-0.49324876487107705
160776,7,7956.502222513354,2.2911870433342356,1.1395867568253573,0.10784967173867817
160776,8,-3135.231366878689,2.4822858357931965,-0.9040693760060337,0.8111533546950707
160776,9,-4205.509313464805,3.0686624188216216,-0.7063623774317775,-0.6851494444410118
160777,0,6387.106186848148,-0.8449193474749221,0.020120966307755696,0.08028102462319564
160777,1,1938.958999001545,-0.3119653407187717,-0.3278572936359848,0.14915565058726574
160777,2,4787.552518897409,-2.993247404984373,0.23024400301569983,-0.18826803943217968
160777,3,-863.4309091912556,-0.8988424773246062,0.13767458560861173,-0.3613893424478334
160777,4,-2693.874074758157,-0.5843327033490708,-0.9383527004141193,-0.8257467245350241
160777,5,-5872.118393858687,2.9092636322500347,0.4703276541287345,0.3378630008203605
160777,6,-997.9683800335258,1.1982273931882732,-0.4176611414522338,-0.8164703632210069
160777,7,8856.147134451441,1.1880391216090969,-0.3045417882947088,0.019031331924665225
160777,8,-2513.62383640557,-2.2699639944231516,-0.5858058187324211,0.4389858946220849
160777,9,-2103.8677523207543,-0.21457655965474443,-0.1431306498813274,-0.7357301406422414
160777,10,2992.9227930117786,-0.35740521221639243,0.5702233499878493,0.8785550384982646
160777,11,7512.42350525432,1.9287144014219146,0.877121672114026,-0.30931080863782645
160777,12,8957.397742117437,1.3499377561486288,0.1827345965353832,0.3239352588263815
160777,13,-4294.2624809576355,0.1648290964041581,0.7502083794990864,-1.1216290311916874
160777,14,-5953.061091037315,2.184071267668606,0.021872635605094295,-0.003271557759438117
160778,0,-6303.661339110389,-0.3160085632882077,-0.3176171776977396,-0.6689116380565856
160778,1,-6082.754117427883,2.654771608542199,0.04831274258252492,0.06930579206959302
160778,2,5322.949623921014,0.3156722811497943,0.2843151427347431,0.4488115641008555
160778,3,5876.769489976516,2.3148853629543575,0.14001002166037652,-0.8089582317703861
160778,4,8249.33651345118,1.0556735866198634,-1.1985579056516567,0.954655192457584
160778,5,5779.971278879766,1.8283817248569836,0.2034513356364268,-0.04869920859733773
160778,6,-1033.3896433338318,1.324233995850851,-0.3121733307167668,-0.2843275048330538
160778,7,5540.489805262237,-2.7597249756623805,0.6958348293694102,0.4559868572955428
160778,8,7655.552187127401,2.1862323909046486,-0.23785364853088067,1.3046556681310597
160779,0,-2584.791730030714,-0.15592011055290467,1.6689097308769247,0.00022671421433971214
160779,1,1201.2721335508922,-1.58423142225643,1.082880410959239,-0.9881161760686794
160779,2,8688.38762376652,-1.5884455917313647,0.9735112684556013,-0.7890283348481569
160779,3,-5562.177289797295,2.6681811802197464,-0.09509919551932144,1.7701849821728555
160779,4,-5017.765755519171,-2.392392870980196,0.7985087416540155,0.21042174640196779
160779,5,-740.5641034150099,2.7651442384466085,-0.18196765120085423,-1.6459706603991642
160779,6,-9004.679800270018,0.712359592329487,-1.256710303355189,-0.9915730134933379
160779,7,-1947.0210218549596,-2.537113204700092,0.35796579681843865,0.21029357541292718
160779,8,-9107.408601827354,2.0463737687355783,1.0389387957772245,-0.3732598789661814
160779,9,-2489.6180100868755,2.821040170373741,-0.12675852901172494,0.1003529086855743
160779,10,-7475.465585371828,-2.194220673651463,-1.1744471104857621,0.34967778983788467
160779,11,-2313.679311075076,2.9244160284654335,-0.18911046021361794,-0.4219931931870803
160779,12,-4840.9660948090495,1.7519127214210686,-0.07941344380117946,0.3163441273314818
160780,0,4596.156170771731,-1.2072638442531665,0.19192924191037702,0.07979113080323004
160780,1,-9793.033927863138,-2.7374567199450452,0.01739995236852903,1.102604649797613
160780,2,-7366.094018663665,-0.23135797442253736,-0.12098658094094028,0.5747532797135935
160780,3,-6883.4957815113075,-1.7319064431338946,-0.09656711655421275,-0.9641493240548289
160780,4,-7638.813840604485,2.7084967927120607,0.5094275711501364,-0.29824019722703865
160780,5,-9492.174003726464,2.4309895756402264,-0.4205780942786262,0.05384138913734883
160780,6,1096.5454904033172,-0.16569911914562407,-0.64797581786902,-0.3792310136391771
160780,7,3304.7881324463847,-0.014555137165314758,-0.4509153165932599,0.038255871827677465
160780,8,-2953.380555756922,-2.901351476378702,-0.0919399678120721,-0.238827696022143
160780,9,9658.12112133736,0.3778400764856147,0.42786947240455653,0.5954150139150542
160781,0,-1087.9700543941058,1.2928632328087915,0.22496482972150525,-0.5103890877895032
160781,1,3488.841357279591,2.068087681694311,0.27701885325649167,-0.19293999014650223
160781,2,-4825.682811714452,-1.9310245721563424,1.4160030283983627,0.8671333850716443
160781,3,7144.417035632409,2.0136701004491497,-0.5425681801555275,-1.1969360884438394
160781,4,6413.800534228871,1.7812910570784037,0.019713834138396294,-0.3942548193954299
160781,5,-3072.0672413195007,-2.5472047972779164,-0.09919800765753213,-0.7589300616414097
160781,6,1052.0642890906747,3.102705718855745,0.6207443769680603,-0.17728492968873136
160781,7,4541.344595493289,0.6062725993676672,-0.5123629579866368,-0.5549023421939852
160781,8,-3913.1162138481213,-0.9255081037020547,-0.9852930882254662,0.24920069780106704
160781,9,2495.011892708934,3.123633431347973,-0.5862227873426837,-0.6593665861700024
160781,10,9527.96683246324,-2.201711648191619,-0.631803820301913,0.12099001498095724
160782,0,6192.014445647659,-0.05517324756496844,-1.4806344010609849,1.3891234164626438
160782,1,1206.129295548119,2.481035459782486,-0.9718857221141748,-0.6707074519784
160782,2,-9321.263365982193,-1.7066176184662674,0.22331447119552897,-0.1165286713706562
160782,3,1404.3251873778456,-1.9669971858109339,0.4742374460864903,-0.08951085700282709
160782,4,-1271.9134968028138,-1.079574013446297,0.42557217633896594,0.5666495916290128
160782,5,3991.937462527821,-2.065517861178055,-0.06545822468829876,-1.5488691270227948
160782,6,5987.55078924627,2.4023680886722394,-0.5979393409778981,-0.5571905951624272
160782,7,-5505.58756144144,0.3352993570131817,0.0987681725444396,1.0858224919358952
160782,8,-6149.458225236163,-3.0241316771738678,0.051992219054843136,-1.6931495811928434
160782,9,-5186.377957850443,0.9224329548837957,0.544163380685393,-0.240943015950769
160782,10,9446.456657150122,1.9355313414163922,0.3630616596269969,-0.3984338737185157
160782,11,-8942.30718352507,-0.013074554080016565,0.30491678439938313,0.16907572851687785
160783,0,-3668.631452224938,1.456521744101507,0.3437685227182651,0.5467579985833567
160783,1,5477.250180743532,0.7896768003009549,0.3334616173397409,-1.525048923107584
160783,2,-676.048255409032,0.589383245824886,0.20921488094510038,0.14559796827413107
160783,3,-5911.3330511565355,0.09848245032399028,-0.42500386485685915,0.24838999037182136
160783,4,-9499.608044054294,1.488645676395346,0.04963610043904075,-0.983893102384494
160783,5,2552.65729323059,1.0557729610088389,0.5058423730935441,1.0056686195918214
160783,6,5393.905436376348,-2.5442753862326173,-0.35945651293658176,-0.4279672410459414
160783,7,1926.8023221081198,-0.5501179120134134,-0.256112805594211,0.02250527483228139
160783,8,4156.215647642401,-2.7815674540453315,0.1185076476773211,-0.01919663763180776
160783,9,2136.172230370744,-0.6452135449875644,-0.21514407692528764,-0.5510812401580771
160784,0,3975.725936076394,-2.7384055345965104,-0.14414387447939045,0.7306541574335936
160784,1,-3057.325910479495,3.0588000543312432,0.6293983784681245,1.1427572226536395
160784,2,8847.74347400143,3.0637487683913562,-0.7168928200636661,-0.7024075295100982
160784,3,-7892.607990799263,-2.8572158023010035,1.206940817618558,-0.6330517862185937
160784,4,-4926.388279756881,-1.8726033387489651,0.7153443167997668,-0.055932927850554266
160784,5,-6879.22365369617,-1.4097429532719905,0.07424781306810994,0.49080958460876856
160784,6,6066.685365931937,0.6341974816303333,-0.09476662054560092,0.3568994401487533
160784,7,-6926.291482910649,-0.1584515358371994,0.24497788661293754,1.8353846995170875
160784,8,1490.5646161300406,-0.2555493259995707,0.7257437866043945,-0.04946480583674216
160784,9,9595.898375378696,0.719761580041915,-1.2187763611243476,1.4208799634887
160784,10,8353.24864495032,-1.7581233362946025,-0.3803482959365573,0.09581663827980971
160785,0,-1259.654198876882,0.7260028342515197,0.7537260690627476,-0.16589397593715324
160785,1,-6252.962077831509,2.383450761488998,-0.5526293656037103,1.2266505768846279
160785,2,-9991.036841176252,-3.080921578523481,-0.060332534444338067,0.010771080287161209
160785,3,1219.957967835536,-1.138069325492813,0.484653122349327,-0.009246567464433355
160785,4,1963.4467691662683,-0.48769767379290396,1.6746849072821492,0.22266912824248422
160785,5,-7902.040202930094,3.0790990693605362,0.25659353587409006,0.052707424494897945
160786,0,3715.555132313368,-2.1523921259615943,0.07543369617279486,0.9113462700634876
160786,1,6835.171757908051,2.3511468138802085,-0.2996454999775952,-0.1559452896632976
160786,2,4579.869563539452,1.3869982544382182,0.16347562372709062,0.4279554569371485
160786,3,788.0068191739582,1.9286404902843914,-0.6705999907836588,-0.17166961828905006
160786,4,-1662.7174139960657,-0.8634062413471848,-0.8824569138064022,0.05032928858181557
160786,5,-7905.499173416182,2.9345463502723375,0.34683610897994244,0.9169849477998446
160786,6,-4811.184156709762,-0.8890318819836551,0.8681176996064225,-1.1834402938942277
160786,7,5060.793613719447,1.2920357309714836,-1.006615193291253,-0.3122365796103414
160787,0,-2295.036825046824,0.3609200343878123,-0.3763440267092069,-0.49472965331760066
160787,1,7245.217688501098,-0.4409318898833239,0.702363828481986,-1.2156563860273943
160787,2,-8856.379897561026,1.3773604344856096,0.5713133348030817,1.6118879794772631
160787,3,786.087723463336,2.498052239904613,-0.7205135751432705,0.12262124672328169
160787,4,-2501.3286679131224,-0.37945790908257404,-0.4263882608547347,0.30303662187441993
160787,5,-7053.320040893193,2.6245681083470673,-1.1296337779595205,0.1894301585486487
160787,6,-5830.535648193272,2.0152552996713435,0.38688522997040653,0.2883149945744195
160787,7,-3701.5796973938764,-1.087249841058115,1.601350834836743,-0.9485157001369753
160787,8,3400.9047684822485,-2.4026982296577266,0.6439336569406469,1.1196689837363636
160787,9,-8456.113875550527,-2.4388580107679654,-0.28698165598712416,0.7441702861198098
160787,10,9313.833051824831,2.2761254571744622,0.6697642616952209,0.8365579860292296
160787,11,-8707.765405634418,3.1091695122907996,-0.013214444249017647,-0.39468027483397516
160787,12,7521.734648019431,-1.6727056663872977,-0.6031367524790441,-1.0805121459803255
160788,0,-6886.946876419392,3.127736773876184,0.3763694948754488,-0.2056064980105094
160788,1,-3770.1706243447334,-0.7344226842048429,0.19102525405403514,-0.48055268587603744
160788,2,-635.2440226296007,-2.963352284289477,-0.05381218484791979,-0.12332771869041614
160788,3,-1546.5917705006455,2.801651974441512,0.7765742977834736,-0.2127429311687602
160788,4,-2481.597247803466,-1.6527412152499703,-0.03322602685917998,-0.9778356339541061
160788,5,-3104.2476218799534,-0.24356138607535227,0.16813459604519945,1.5262706703539006
160788,6,-425.739492103428,-1.5241727660918127,-0.24109290398933103,-0.5466659313143124
160788,7,-9321.047970906828,-1.4412628196384047,-0.6382856641932587,-0.3696692800257096
160788,8,7732.14782853131,1.6371285935017,-1.188585645546896,0.7318927284387329
160788,9,-7162.684412355865,-1.0460326330645593,0.6458420845828743,0.3470174135494015
160788,10,7473.4762481203525,0.6382553911679327,-0.781891013844117,-0.33904348544658364
160788,11,-2405.9533588778236,-2.411513580339231,-0.45635538036759493,0.21817767940748367
160789,0,3608.8665428081545,-2.5672073705234855,-0.5736873921039416,0.5215203813825275
160789,1,-5732.486012091723,-1.420541679503305,-0.1888049728556867,0.3467074704322906
160789,2,3932.213290236596,-1.709385253351046,-1.3716310696328702,0.2789261692959989
160789,3,-2859.8858602582004,2.6592199815272437,0.49410547899844415,-1.0285958077893
160789,4,-9110.203894808215,1.6134615220636475,0.3622092427400555,-0.5247987870236294
160789,5,3367.2284016731915,1.1042138599430595,1.0884284131506017,0.16886258102170393
160789,6,-9254.264909355206,2.8406089498577165,-0.35157752449948837,0.5229706881086462
160789,7,6915.197154854387,0.15806213032260708,0.04164944727230411,0.5949281648101252
160789,8,-9154.499938398047,-1.825917261643215,-0.06518681146959462,-1.1523274208898637
160789,9,-1218.276699496467,-2.774497936987899,0.9050223858189239,0.5932897192969531
160789,10,2867.026610216455,0.9499474774298742,-1.595872847988969,0.9975174384080703
160790,0,-8325.515566725435,0.09618777625852326,-0.33385993951739534,-1.151600915352244
160790,1,-5291.127676004713,0.8194700780849935,-0.799178083043137,-0.19764744140273782
160790,2,-2540.9908571287006,-0.5634120330010779,0.21607759104540442,-0.08219241970862404
160790,3,-4373.903338275883,-2.279046014009886,0.07027535039105498,-0.26595987954933886
160790,4,6675.4518660254225,-2.773168727711487,-0.4750409929892368,-1.1200962534327532
160790,5,-736.7070144914619,-1.298196796312293,-0.2153024743733021,-0.043438944453444456
160790,6,-1133.165380118371,1.0348600432657253,-1.1063427215466946,0.42662828144982484
160790,7,1589.2091714731462,-1.0915617846598606,-0.9686085076695807,0.09527862418546584
160790,8,7428.845394879164,-0.6858942831912307,-0.17029077019950078,0.23260435815455033
160791,0,7789.851390066416,1.1608605808175403,-0.3027412327664908,0.3179585695521956
160791,1,5541.272455265844,-2.5785663811312833,-0.599654724445702,-0.4298696191333936
160791,2,-6101.453143685568,3.033758038117626,0.0015466019801880376,-0.840055183111741
160791,3,3299.0213573109945,1.0580156512683638,0.27023287822405073,0.07360201496966776
160791,4,-1331.397231972403,0.8590178011040814,-0.26443682621086173,0.7329971522605727
160791,5,5083.164868601088,-1.783550830415254,-0.10620799425997252,0.41447732652658226
160791,6,3930.5980981950756,2.8411523823436324,-0.32314169626189676,0.4705870331105132
160791,7,677.1908617341978,-1.1818196242909764,1.5965972340891101,-0.32454250847821065
160791,8,4423.571213356983,-0.6966312788874092,-0.08822874924937393,-0.17501242755794613
160791,9,-4038.0251055735944,-1.365313926468108,0.5322906686089384,1.2750060250706214
160792,0,9905.194047663323,-0.42956289740216613,-0.4078957144912051,-0.10283940592498372
160792,1,-5804.490018859483,-0.34565782860482663,1.573255536526283,-0.08393576506583512
160792,2,-6823.7107445160345,1.3656980729623767,0.14885793927065674,-0.49388557960961293
160792,3,4929.485806406611,-1.73429614393234,-0.3376902367576664,1.1375270581728014
160792,4,5211.621087295941,-0.5728490851866064,-0.4240023356363774,0.2962907122901864
160792,5,4975.227346291203,2.531362136104959,0.7429891614662272,-0.37087726952329364
160793,0,7099.879073673682,-1.8887899238528247,-0.07919246637656788,0.692079597698006
160793,1,-1570.2806105877658,2.3492991203716196,-0.8563904098836261,0.08032159791491139
160793,2,-9161.366245760542,-2.4969594637499575,1.3573196922159143,0.2606807452421986
160793,3,-9685.764080222078,0.4985268395039908,0.14516603140841047,-0.4374498071146456
160793,4,-4169.208087949073,1.8184280664887167,0.11781506399169658,0.7908751247179777
160793,5,-3612.8317028638744,-0.6944185083185648,-0.6580298109171816,0.9103405290437895
160793,6,-892.4458644876955,-0.3079086042822259,0.5948493976096279,0.32753068979669026
160793,7,1532.5997106571674,0.4267033221729024,0.45371840370782557,1.161345902666966
160793,8,-7803.408434914102,1.1171705811049089,1.2559880383574997,0.17803421221065385
160793,9,-7719.418432219279,-2.9670520359934587,-0.47913558307384135,0.6783946177137761
160793,10,-3031.5959063940318,2.268936178834476,-0.8481588583105083,0.012107967493667004
160793,11,-8902.56185445616,-0.2370733908607594,0.5780904205874797,-0.21103183564058053
160793,12,-1543.5697561034553,-1.6582339657096685,-0.898841288065644,1.6255075757852817
160793,13,523.7094736317099,-0.9633915195537566,-0.5652634139559642,0.48918415142525484
160793,14,-7274.557352692848,2.924705536611958,0.11575531864860922,0.2739324203798853
160793,15,6277.513920133144,-1.0023863744873118,-0.5758905655937627,0.6713211096507146
160793,16,5377.99195118752,-2.0717509293571172,0.7771267645596392,-0.06122819329490754
160794,0,6840.283974498693,1.9230403319380995,0.00962421042852508,0.5200068992960813
160794,1,9053.99155088101,1.5241606687087854,0.025762809772499926,-0.25539190936092476
160794,2,-4478.245917424793,-0.5937881260401134,-0.04369248517001238,0.0021599903854254213
160794,3,-8750.21832485098,2.800971228533114,-0.18122726542007975,-0.05925965424150299
160794,4,-9892.125657070725,2.596337372655187,0.5408158391302629,-1.2599248427508978
160794,5,2040.4477699778424,3.0152050032848914,-0.6841447649238638,1.0670812310985525
160794,6,-2957.6445721431496,-1.3719146001744404,0.08673985474475843,0.11578230765499506
160794,7,-5084.105966311246,-1.5206673886567752,0.4359746287344872,-0.3892890968812278
160794,8,3068.2185095371947,-2.265544067630371,0.5244580299393624,0.5877348589486879
160794,9,736.2900207872285,-2.373706962172803,-0.34064692235074895,-0.9977917678932915
160794,10,1400.583780875215,1.3471188870560864,0.2425880946803337,-1.378791247920411
160795,0,-3919.0269212776707,-1.5968534218896715,0.2466391142770138,-0.17715272844995372
160795,1,6845.588519048996,2.7030930446741985,0.33548690191092684,-0.4019023286273269
160795,2,-5120.022212474484,0.7917225722221533,-0.13783107123013455,-0.5884516360139627
160795,3,633.617225093948,-0.33517174555552565,-0.10588139026891108,-0.10815958495019258
160795,4,-557.7834704012837,-1.5490354495514642,0.657925083804721,-0.14729068371463303
160795,5,-1982.1829007922988,2.9455067567215067,-0.19165407998159073,1.0315802095348956
160795,6,-1731.0502238038227,-1.8313604993701302,0.7781783837327971,-0.5267565604116604
160795,7,-1875.3452357660026,-0.5629476803240663,-0.36853126682568893,-0.4542295754153467
160795,8,-2248.56493683809,-2.1111803114100844,0.3461792817415029,-0.16691211018876798
160795,9,-655.5970063550976,0.9613422405922387,1.316319866760686,-0.6389695140809073
160795,10,5112.5834848977365,-1.9987876415566612,0.1052813920201886,0.35828010217031375
160795,11,7234.301416927777,0.03554496088917336,-0.40391330433472816,1.01804798642121
160795,12,-1168.149185739635,-2.9551332635341767,-0.41162704385960125,0.613852083360677
160795,13,-6840.85176991474,2.301667565221382,-1.0365421163449695,0.5072282704302031
160795,14,-3759.396004471494,-0.35952799375722133,0.7550215239336411,0.37664293607104393
160796,0,-718.8144170561062,-1.2258118148186687,0.6819992156079456,-0.7104149039054886
160796,1,3521.779303556637,1.1451549827782204,0.3303591469409383,-0.9332720607817265
160796,2,7032.878158376787,1.1212550516167932,-0.9436407461336462,-0.2832999784112182
160796,3,-3078.5261273467645,0.3900757307717364,-0.7216618064709369,0.04005486295675079
160796,4,313.71355224176875,-1.8253015956841405,0.9889643330433429,-0.9610498737083693
160796,5,5256.667295907831,0.5413934416568789,2.002031359302076,-0.38861718493604497
160797,0,9778.914161017574,-1.277018120847014,1.063047804006729,-0.9457932903004093
160797,1,2217.6177769859974,-0.3680525202420917,0.9220625631513422,0.13749933330272995
160797,2,4135.667573544815,-0.9056108484708201,0.3081548755202702,-0.5317337462105214
160797,3,-9733.300876569961,2.7933094119368924,-0.5140111795396927,-1.0818547483823953
160797,4,-9496.288342788333,-0.9176469618305028,-0.11802302718946703,0.6565564809345766
160797,5,5389.719062702738,0.6386330245395175,0.13753701822317357,0.8111912898262224
160797,6,-7947.860700768795,0.011392425065410716,-0.29294217184843524,1.4021597502964815
160797,7,-6652.403304276383,0.8101950988835056,0.7314381293623804,-0.5877396501733217
160797,8,-5966.964968399088,-1.5443613422529336,1.2182572993257903,0.6990129444083095
160798,0,3477.4759449743296,-1.4872811700419353,0.4934289421531326,1.3131964647267016
160798,1,9833.371050032627,2.559835826486995,0.49227896198929155,0.8752101933506836
160798,2,9892.798623023169,1.9167862809346117,0.4540322788920126,0.3947928014689442
160798,3,-7738.0225491213005,-0.4021562863960422,-0.03524518898475088,-0.045895596555625126
160798,4,7946.332985302555,-0.5233878189405758,0.8230053214590374,-0.4946982745862494
160798,5,-2545.7769132179405,-3.007184726005811,-1.1779163386668121,1.3289523509747108
160798,6,-8254.86354464306,0.17412053419504492,0.8782554960090008,-0.3336459429157082
160798,7,-982.2970335202974,-2.3339736263536306,0.1735456386486567,0.4052737365701558
160798,8,-7440.6310118109495,-1.1859954521449014,0.5633994208254752,-0.5735314747245426
160799,0,-2770.327786196354,3.0642061082113212,-1.024959674903289,0.49494495057454235
160799,1,1823.6951090197174,2.8983069201384577,-1.03506117922796,0.015274905191479652
160799,2,4612.346589028692,1.4350864780693762,0.42165455611733776,-0.19042710806552438
160799,3,8773.696206070892,2.8355045438599413,-0.25998400520292175,0.6372887155718006
160799,4,-4688.4696373108645,2.954548751898793,1.4247431800613461,-0.8939113501745688
